120 0 -1 0 42 1 98 1 79 1 68 1 93 1 92 1 14 1 80 1 113 1 69 1 187 1 15 1 55 1 179 1 56 1 170 1 26 1 3 1 45 1 100 1 73 1 74 1 96 1 81 1 76 1 115 1 153 1 16 1 190 1 82 1 155 1 2 1 132 1 59 1 117 1 
70 2 96 2 74 2 73 2 100 2 81 2 45 2 3 2 26 2 170 2 56 2 179 2 120 2 155 2 2 2 
179 3 56 3 170 3 26 3 3 3 45 3 81 3 100 3 73 3 74 3 96 3 155 3 2 3 132 3 59 3 76 3 115 3 153 3 16 3 190 3 82 3 98 3 42 3 79 3 68 3 93 3 92 3 14 3 80 3 113 3 69 3 187 3 15 3 55 3 117 3 120 3 67 3 106 3 5 3 17 3 40 3 18 3 118 3 178 3 39 3 24 3 97 3 37 3 160 3 77 3 -1 3 114 3 4 3 70 3 185 3 
179 1 56 1 170 1 26 1 3 1 45 1 81 1 100 1 73 1 74 1 96 1 155 1 2 1 132 4 59 4 76 4 115 4 153 4 16 4 190 4 82 4 98 4 42 4 79 4 68 4 93 4 92 4 14 4 80 4 113 4 69 4 187 4 15 4 55 4 117 4 120 4 -1 4 
179 5 56 5 170 5 26 5 3 5 45 5 81 5 100 5 73 5 74 5 96 5 155 5 2 5 132 5 59 5 76 5 115 5 153 5 16 5 190 5 82 5 98 5 42 5 79 5 68 5 93 5 92 5 14 5 80 5 113 5 69 5 187 5 15 5 55 5 117 5 120 5 67 5 106 5 5 5 17 5 40 5 18 5 178 5 118 5 39 5 24 5 97 5 37 5 160 5 77 5 -1 5 114 5 4 5 70 5 185 5 
179 6 56 6 170 6 26 6 3 6 45 6 81 6 100 6 73 6 74 6 96 6 155 6 2 6 132 6 59 6 76 6 115 6 153 6 16 6 190 6 82 6 98 6 42 6 79 6 68 6 93 6 92 6 14 6 80 6 113 6 69 6 187 6 15 6 55 6 117 6 120 6 67 6 106 6 5 6 17 6 40 6 39 6 97 6 37 6 18 6 118 6 160 6 77 6 -1 6 4 6 70 6 185 6 114 6 
179 7 56 7 170 7 26 7 3 7 45 7 81 7 100 7 73 7 74 7 96 7 155 7 2 7 132 7 59 7 76 7 115 7 153 7 16 7 190 7 82 7 98 7 42 7 79 7 68 7 93 7 92 7 14 7 80 7 113 7 69 7 187 7 15 7 55 7 117 7 120 7 67 7 106 7 5 7 17 7 40 7 18 7 118 7 178 7 39 7 24 7 97 7 37 7 160 7 77 7 -1 7 114 7 4 7 70 7 185 7 
179 8 56 8 170 8 26 8 3 8 45 8 81 8 100 8 73 8 74 8 96 8 155 8 2 8 132 8 59 8 76 8 115 8 153 8 16 8 190 8 82 8 98 8 42 8 79 8 68 8 93 8 92 8 14 8 80 8 113 8 69 8 187 8 15 8 55 8 117 8 120 8 67 8 106 8 5 8 17 8 40 8 18 8 118 8 178 8 39 8 24 8 97 8 37 8 160 8 77 8 -1 8 114 8 4 8 70 8 185 8 
179 9 56 9 170 9 26 9 3 9 45 9 81 9 100 9 73 9 74 9 96 9 155 9 2 9 132 9 59 9 113 9 69 9 187 9 15 9 55 9 117 9 120 9 67 9 106 9 5 9 17 9 40 9 39 9 97 9 37 9 18 9 118 9 160 9 77 9 -1 9 4 9 70 9 185 9 114 9 42 10 98 10 79 10 68 10 93 10 92 10 14 10 80 10 76 10 115 10 153 10 16 10 190 10 82 10 
77 11 42 1 98 1 79 1 68 1 93 1 92 1 14 1 80 1 113 1 69 1 187 1 15 1 55 1 76 1 115 1 153 1 16 1 190 1 82 1 
-1 12 42 1 98 1 79 1 68 1 93 1 92 1 14 1 80 1 113 1 69 1 187 1 15 1 55 1 179 1 56 1 170 1 26 1 3 1 45 1 100 1 73 1 74 1 96 1 81 1 76 1 115 1 153 1 16 1 190 1 82 1 155 1 2 1 132 1 59 1 117 1 120 1 
179 13 56 13 170 13 26 13 3 13 45 13 81 13 100 13 73 13 74 13 96 13 155 13 2 13 132 13 76 13 115 13 153 13 16 13 190 13 82 13 98 13 42 13 79 13 68 13 93 13 92 13 14 13 80 13 113 13 69 13 187 13 15 13 55 13 117 13 120 13 -1 13 59 1 
179 14 56 14 170 14 26 14 3 14 45 14 81 14 100 14 73 14 74 14 96 14 155 14 2 14 132 14 59 14 76 14 115 14 153 14 16 14 190 14 82 14 98 14 42 14 79 14 68 14 93 14 92 14 14 14 80 14 113 14 69 14 187 14 15 14 55 14 117 14 120 14 -1 14 
155 0 2 0 179 0 56 0 170 0 26 0 3 0 45 0 81 0 100 0 73 0 74 0 96 0 120 0 70 0 
120 15 179 15 56 15 170 15 26 15 3 15 45 15 81 15 100 15 73 15 74 15 96 15 155 15 2 15 70 15 41 15 71 15 123 15 
113 1 69 1 187 1 15 1 55 1 42 1 98 1 79 1 68 1 93 1 92 1 14 1 80 1 76 1 115 1 153 1 16 1 190 1 82 1 
2 16 155 16 96 16 74 16 73 16 100 16 81 16 45 16 3 16 26 16 170 16 56 16 179 16 132 16 59 16 76 16 115 16 153 16 16 16 190 16 82 16 98 16 42 16 79 16 68 16 93 16 92 16 14 16 80 16 113 16 69 16 187 16 15 16 55 16 117 16 120 16 -1 16 70 16 118 16 40 16 
82 1 
76 1 82 1 42 1 
42 1 98 1 79 1 68 1 93 1 92 1 14 1 80 1 113 1 69 1 187 1 15 1 55 1 76 1 115 1 153 1 16 1 190 1 82 1 118 1 
179 17 56 17 170 17 26 17 3 17 45 17 81 17 100 17 73 17 74 17 96 17 155 17 2 17 132 17 59 17 76 17 115 17 153 17 16 17 190 17 82 17 98 17 42 17 79 17 68 17 93 17 92 17 14 17 80 17 113 17 69 17 187 17 15 17 55 17 117 17 120 17 67 17 106 17 5 17 17 17 40 17 39 17 97 17 37 17 18 17 118 17 160 17 77 17 -1 17 4 17 70 17 185 17 114 17 
179 18 56 18 170 18 26 18 3 18 45 18 81 18 100 18 73 18 74 18 96 18 155 18 2 18 132 18 59 18 76 18 115 18 153 18 16 18 190 18 82 18 98 18 42 18 79 18 68 18 93 18 92 18 14 18 80 18 113 18 69 18 187 18 15 18 55 18 117 18 120 18 67 18 106 18 5 18 17 18 40 18 39 18 97 18 37 18 18 18 118 18 160 18 77 18 -1 18 4 18 70 18 185 18 114 18 
179 19 56 19 170 19 26 19 3 19 45 19 81 19 100 19 73 19 74 19 96 19 155 19 2 19 132 19 59 19 76 19 115 19 153 19 16 19 190 19 82 19 98 19 42 19 79 19 68 19 93 19 92 19 14 19 80 19 113 19 69 19 187 19 15 19 55 19 117 19 120 19 -1 19 67 1 106 1 5 1 17 1 
178 1 79 1 14 1 76 1 115 1 153 1 16 1 190 1 82 1 98 1 174 1 92 1 
114 1 82 1 76 1 
82 20 174 1 92 1 
82 1 
82 1 98 1 
179 21 56 21 170 21 26 21 3 21 45 21 81 21 100 21 73 21 74 21 96 21 155 21 2 21 132 21 59 21 76 21 115 21 153 21 16 21 190 21 82 21 98 21 42 21 79 21 68 21 93 21 92 21 14 21 80 21 113 21 69 21 187 21 15 21 55 21 117 21 120 21 67 21 106 21 5 21 17 21 40 21 39 21 97 21 37 21 18 21 118 21 160 21 77 21 -1 21 4 21 70 21 185 21 114 21 
76 1 82 1 42 1 
82 20 174 1 92 1 
120 0 179 0 56 0 170 0 26 0 3 0 45 0 81 0 100 0 73 0 74 0 96 0 155 0 2 0 132 0 59 0 76 0 115 0 153 0 16 0 190 0 82 0 98 0 42 0 79 0 68 0 93 0 92 0 14 0 80 0 113 0 69 0 187 0 15 0 55 0 117 0 -1 0 
113 1 69 1 187 1 15 1 55 1 42 1 98 1 79 1 68 1 93 1 92 1 14 1 80 1 76 1 115 1 153 1 16 1 190 1 82 1 
82 1 
82 1 
179 0 56 0 170 0 26 0 3 0 45 0 81 0 100 0 73 0 74 0 96 0 120 0 70 0 
113 1 69 1 187 1 15 1 55 1 42 1 98 1 79 1 68 1 93 1 92 1 14 1 80 1 76 1 115 1 153 1 16 1 190 1 82 1 
179 22 56 22 170 22 26 22 3 22 45 22 81 22 100 22 73 22 74 22 96 22 155 22 2 22 132 22 59 22 76 22 115 22 153 22 16 22 190 22 82 22 98 22 42 22 79 22 68 22 93 22 92 22 14 22 80 22 113 22 69 22 187 22 15 22 55 22 117 22 120 22 -1 22 
82 1 42 1 
82 20 174 1 92 1 
113 1 69 1 187 1 15 1 55 1 42 1 98 1 79 1 68 1 93 1 92 1 14 1 80 1 76 1 115 1 153 1 16 1 190 1 82 1 
-1 23 
179 24 56 24 170 24 26 24 3 24 45 24 81 24 100 24 73 24 74 24 96 24 155 24 2 24 132 24 59 24 76 24 115 24 153 24 16 24 190 24 82 24 98 24 42 24 79 24 68 24 93 24 92 24 14 24 80 24 113 24 69 24 187 24 15 24 55 24 117 24 120 24 67 24 106 24 5 24 17 24 40 24 18 24 118 24 178 24 39 24 24 24 97 24 37 24 160 24 77 24 -1 24 114 24 4 24 70 24 185 24 
82 1 
116 1 178 1 79 1 14 1 76 1 115 1 153 1 16 1 190 1 82 1 98 1 174 1 92 1 
153 1 
179 25 56 25 170 25 26 25 3 25 45 25 81 25 100 25 73 25 74 25 96 25 155 25 2 25 132 25 59 25 76 25 115 25 153 25 16 25 190 25 82 25 98 25 42 25 79 25 68 25 93 25 92 25 14 25 80 25 113 25 69 25 187 25 15 25 55 25 117 25 120 25 67 25 106 25 5 25 17 25 40 25 39 25 97 25 37 25 18 25 118 25 160 25 77 25 -1 25 4 25 70 25 185 25 114 25 
179 26 56 26 170 26 26 26 3 26 45 26 81 26 100 26 73 26 74 26 96 26 155 26 2 26 59 26 76 26 115 26 153 26 16 26 190 26 82 26 98 26 42 26 79 26 68 26 93 26 92 26 14 26 80 26 113 26 69 26 187 26 15 26 55 26 117 26 120 26 -1 26 132 1 
82 1 76 1 
178 1 79 1 92 1 14 1 76 1 115 1 153 1 16 1 190 1 82 1 98 1 
82 1 42 1 
179 27 56 27 170 27 26 27 3 27 45 27 81 27 100 27 73 27 74 27 96 27 155 27 2 27 132 27 59 27 76 27 115 27 153 27 16 27 190 27 98 27 79 27 68 27 93 27 92 27 14 27 80 27 113 27 69 27 187 27 15 27 55 27 117 27 120 27 67 27 106 27 5 27 17 27 40 27 39 27 97 27 37 27 18 27 118 27 160 27 77 27 -1 27 4 27 70 27 185 27 114 27 42 1 82 1 
179 28 56 28 170 28 26 28 3 28 45 28 81 28 100 28 73 28 74 28 96 28 155 28 2 28 132 28 59 28 76 28 115 28 153 28 16 28 190 28 82 28 98 28 42 28 79 28 68 28 93 28 92 28 14 28 80 28 113 28 69 28 187 28 15 28 55 28 117 28 120 28 67 28 106 28 5 28 17 28 40 28 18 28 118 28 178 28 39 28 24 28 97 28 37 28 160 28 77 28 -1 28 114 28 4 28 70 28 185 28 
179 29 56 29 170 29 26 29 3 29 45 29 81 29 100 29 73 29 74 29 96 29 155 29 2 29 132 29 59 29 76 29 115 29 153 29 16 29 190 29 82 29 98 29 42 29 79 29 68 29 93 29 92 29 14 29 80 29 113 29 69 29 187 29 15 29 55 29 117 29 120 29 -1 29 
179 1 56 1 170 1 26 1 3 1 45 1 81 1 100 1 73 1 74 1 96 1 155 1 2 1 132 30 59 30 76 30 115 30 153 30 16 30 190 30 82 30 98 30 42 30 79 30 68 30 93 30 92 30 14 30 80 30 113 30 69 30 187 30 15 30 55 30 117 30 120 30 -1 30 
170 1 113 1 69 1 187 1 15 1 55 1 42 1 98 1 79 1 68 1 93 1 92 1 14 1 80 1 76 1 115 1 153 1 16 1 190 1 82 1 
179 31 56 31 170 31 26 31 3 31 45 31 81 31 100 31 73 31 74 31 96 31 155 31 2 31 132 31 59 31 76 31 115 31 153 31 16 31 190 31 82 31 98 31 42 31 79 31 68 31 93 31 92 31 14 31 80 31 113 31 69 31 187 31 15 31 55 31 117 31 120 31 -1 31 
113 1 69 1 187 1 15 1 55 1 42 1 98 1 79 1 68 1 93 1 92 1 14 1 80 1 76 1 115 1 153 1 16 1 190 1 82 1 
67 1 106 1 5 1 17 1 118 1 
42 32 17 32 -1 32 77 32 160 32 118 32 18 32 37 32 97 32 39 32 40 32 5 32 106 32 67 32 120 32 117 32 55 32 15 32 187 32 69 32 113 32 80 32 14 32 92 32 93 32 68 32 79 32 98 32 82 32 190 32 16 32 153 32 115 32 76 32 59 32 132 32 2 32 155 32 96 32 74 32 73 32 100 32 81 32 45 32 3 32 26 32 170 32 56 32 179 32 114 32 185 32 70 32 4 32 
-1 33 77 33 160 33 118 33 18 33 37 33 97 33 39 33 40 33 17 33 5 33 106 33 67 33 120 33 117 33 55 33 15 33 187 33 69 33 113 33 80 33 14 33 92 33 93 33 68 33 79 33 42 33 98 33 82 33 190 33 16 33 153 33 115 33 76 33 59 33 132 33 2 33 155 33 96 33 74 33 73 33 100 33 81 33 45 33 3 33 26 33 170 33 56 33 179 33 114 33 185 33 70 33 4 33 
42 34 17 34 -1 34 77 34 160 34 118 34 18 34 37 34 97 34 39 34 40 34 5 34 106 34 67 34 120 34 117 34 55 34 15 34 187 34 69 34 113 34 80 34 14 34 92 34 93 34 68 34 79 34 98 34 82 34 190 34 16 34 153 34 115 34 76 34 59 34 132 34 2 34 155 34 96 34 74 34 73 34 100 34 81 34 45 34 3 34 26 34 170 34 56 34 179 34 114 34 185 34 70 34 4 34 
77 1 
67 1 106 1 5 1 17 1 77 35 18 1 
77 36 18 1 
113 1 69 1 187 1 15 1 55 1 42 1 98 1 79 1 68 1 93 1 92 1 14 1 80 1 76 1 115 1 153 1 16 1 190 1 82 1 
67 1 106 1 5 1 17 1 18 37 77 37 118 37 
70 1 
179 1 56 1 170 1 26 1 3 1 45 1 100 1 73 1 74 1 96 1 81 1 40 38 70 38 120 1 
179 0 56 0 170 0 26 0 3 0 45 0 81 0 100 0 73 0 74 0 96 0 120 0 70 0 40 0 
70 39 40 39 120 39 96 39 74 39 73 39 100 39 81 39 45 39 3 39 26 39 170 39 56 39 179 39 118 39 2 39 155 39 -1 39 132 39 59 39 76 39 115 39 153 39 16 39 190 39 82 39 98 39 42 39 79 39 68 39 93 39 92 39 14 39 80 39 113 39 69 39 187 39 15 39 55 39 117 39 
179 0 56 0 170 0 26 0 3 0 45 0 81 0 100 0 73 0 74 0 96 0 120 0 70 0 
179 0 56 0 170 0 26 0 3 0 45 0 81 0 100 0 73 0 74 0 96 0 120 0 70 0 40 0 
82 40 42 40 40 40 70 40 -1 40 120 40 117 40 55 40 15 40 187 40 69 40 113 40 80 40 14 40 92 40 93 40 68 40 79 40 98 40 190 40 16 40 153 40 115 40 76 40 59 40 132 40 179 40 56 40 170 40 26 40 3 40 45 40 81 40 100 40 73 40 74 40 96 40 155 40 2 40 41 40 71 40 123 40 118 40 
40 41 70 41 -1 41 120 41 117 41 55 41 15 41 187 41 69 41 113 41 80 41 14 41 92 41 93 41 68 41 79 41 42 1 98 41 82 1 190 41 16 41 153 41 115 41 76 41 59 41 132 41 179 41 56 41 170 41 26 41 3 41 45 41 81 41 100 41 73 41 74 41 96 41 155 41 2 41 118 41 
82 1 42 1 
82 42 42 42 40 42 70 42 -1 42 120 42 117 42 55 42 15 42 187 42 69 42 113 42 80 42 14 42 92 42 93 42 68 42 79 42 98 42 190 42 16 42 153 42 115 42 76 42 59 42 132 42 179 42 56 42 170 42 26 42 3 42 45 42 81 42 100 42 73 42 74 42 96 42 155 42 2 42 41 42 71 42 123 42 118 42 
82 43 42 43 40 43 70 43 -1 43 120 43 117 43 55 43 15 43 187 43 69 43 113 43 80 43 14 43 92 43 93 43 68 43 79 43 98 43 190 43 16 43 153 43 115 43 76 43 59 43 132 43 179 43 56 43 170 43 26 43 3 43 45 43 81 43 100 43 73 43 74 43 96 43 155 43 2 43 41 43 71 43 123 43 118 43 
2 44 155 44 96 44 74 44 73 44 100 44 81 44 45 44 3 44 26 44 170 44 56 44 179 44 132 44 59 44 76 44 115 44 153 44 16 44 190 44 82 1 98 44 42 1 79 44 68 44 93 44 92 44 14 44 80 44 113 44 69 44 187 44 15 44 55 44 117 44 120 44 -1 44 70 44 40 44 118 44 
40 45 70 45 -1 45 120 45 117 45 55 45 15 45 187 45 69 45 113 45 80 45 14 45 92 45 93 45 68 45 79 45 98 45 190 45 16 45 153 45 115 45 76 45 59 45 132 45 179 45 56 45 170 45 26 45 3 45 45 45 81 45 100 45 73 45 74 45 96 45 155 45 2 45 42 45 82 45 41 45 71 45 123 45 118 45 
82 46 14 46 79 46 190 46 16 46 153 46 115 46 76 46 178 46 92 46 98 46 116 46 
4 47 189 47 188 47 40 47 70 47 -1 47 120 47 117 47 55 47 15 47 187 47 69 47 113 47 80 47 14 47 92 47 93 47 68 47 79 47 42 47 98 47 82 47 190 47 16 47 153 47 115 47 76 47 59 47 132 47 179 47 56 47 170 47 26 47 3 47 45 47 81 47 100 47 73 47 74 47 96 47 155 47 2 47 118 47 
82 1 
82 1 98 1 
4 1 188 48 189 48 
82 49 
174 1 
189 1 188 1 
179 0 56 0 170 0 26 0 3 0 45 0 81 0 100 0 73 0 74 0 96 0 120 0 40 0 
82 20 174 1 92 1 
4 1 188 1 
82 1 
4 50 188 50 40 50 70 50 -1 50 120 50 117 50 55 50 15 50 187 50 69 50 113 50 80 50 14 50 92 50 93 50 68 50 79 50 42 50 98 50 82 50 190 50 16 50 153 50 115 50 76 50 59 50 132 50 179 50 56 50 170 50 26 50 3 50 45 50 81 50 100 50 73 50 74 50 96 50 155 50 2 50 118 50 
18 51 118 51 
18 1 118 1 
174 1 
82 52 116 52 14 52 92 52 79 52 98 52 190 52 16 52 153 52 115 52 76 52 178 52 
18 53 118 53 
42 54 40 54 123 54 74 54 73 54 71 54 100 54 81 54 155 54 45 54 26 54 41 54 170 54 179 54 120 54 4 54 118 54 70 54 
42 1 
174 1 79 1 92 1 82 1 
82 55 7 55 118 55 18 55 188 55 4 55 114 55 185 55 189 55 8 55 42 55 17 55 5 55 106 55 67 55 37 55 186 55 0 55 40 55 120 55 179 55 170 55 41 55 26 55 45 55 155 55 81 55 100 55 71 55 73 55 74 55 123 55 2 55 96 55 3 55 56 55 132 55 59 55 76 55 115 55 153 55 16 55 190 55 98 55 79 55 68 55 93 55 92 55 14 55 80 55 113 55 69 55 187 55 15 55 55 55 117 55 -1 55 70 55 77 55 24 55 160 55 39 55 97 55 
42 56 82 56 7 56 118 56 18 56 188 56 4 56 114 56 185 56 189 56 40 56 70 56 -1 56 120 56 117 56 55 56 15 56 187 56 69 56 113 56 80 56 14 56 92 56 93 56 68 56 79 56 98 56 190 56 16 56 153 56 115 56 76 56 59 56 132 56 179 56 56 56 170 56 26 56 3 56 45 56 81 56 100 56 73 56 74 56 96 56 155 56 2 56 8 56 17 56 5 56 106 56 67 56 37 56 186 56 0 56 41 56 71 56 123 56 77 56 24 56 160 56 39 56 97 56 
114 1 82 1 76 1 
174 1 79 1 92 1 82 1 
82 1 7 57 118 57 18 57 188 57 4 57 114 57 185 57 189 57 8 57 42 57 17 57 5 57 106 57 67 57 37 57 186 57 0 57 40 57 120 57 179 57 170 57 41 57 26 57 45 57 155 57 81 57 100 57 71 57 73 57 74 57 123 57 2 57 96 57 3 57 56 57 132 57 59 57 76 57 115 57 153 57 16 57 190 57 98 57 79 57 68 57 93 57 92 57 14 57 80 57 113 57 69 57 187 57 15 57 55 57 117 57 -1 57 70 57 77 57 24 57 160 57 39 57 97 57 
82 58 7 58 118 58 18 58 188 58 4 58 114 58 185 58 189 58 8 58 42 58 17 58 5 58 106 58 67 58 37 58 186 58 0 58 40 58 120 58 179 58 170 58 41 58 26 58 45 58 155 58 81 58 100 58 71 58 73 58 74 58 123 58 2 58 96 58 3 58 56 58 132 58 59 58 76 58 115 58 153 58 16 58 190 58 98 58 79 58 68 58 93 58 92 58 14 58 80 58 113 58 69 58 187 58 15 58 55 58 117 58 -1 58 70 58 77 58 24 58 160 58 39 58 97 58 
7 1 188 59 4 59 2 59 155 59 96 59 74 59 73 59 100 59 81 59 45 59 3 59 26 59 170 59 56 59 179 59 132 59 59 59 76 59 115 59 153 59 16 59 190 59 82 1 98 59 42 59 79 59 68 59 93 59 92 59 14 59 80 59 113 59 69 59 187 59 15 59 55 59 117 59 120 59 -1 59 70 59 40 59 118 59 
82 1 
4 60 188 60 18 60 118 60 7 60 82 60 70 60 -1 60 117 60 55 60 15 60 187 60 69 60 113 60 80 60 14 60 92 60 93 60 68 60 79 60 98 60 190 60 16 60 153 60 115 60 76 60 59 60 132 60 56 60 3 60 96 60 2 60 123 60 74 60 73 60 71 60 100 60 81 60 155 60 45 60 26 60 41 60 170 60 179 60 120 60 40 60 0 60 186 60 37 60 67 60 106 60 5 60 17 60 42 60 8 60 189 60 185 60 114 60 97 60 39 60 160 60 24 60 77 60 
174 61 4 56 188 56 7 56 82 62 18 56 118 56 114 56 189 56 185 56 42 56 8 56 17 56 37 56 67 56 106 56 5 56 40 56 0 56 186 56 123 56 74 56 73 56 71 56 100 56 81 56 155 56 45 56 26 56 41 56 170 56 179 56 120 56 70 56 -1 56 117 56 55 56 15 56 187 56 69 56 113 56 80 56 14 56 92 62 93 56 68 56 79 62 98 56 190 56 16 56 153 56 115 56 76 56 59 56 132 56 56 56 3 56 96 56 2 56 24 56 77 56 97 56 39 56 160 56 
174 1 79 1 92 1 82 1 
174 1 79 1 92 1 82 1 
4 63 188 63 7 63 82 63 18 63 118 63 114 63 189 63 185 63 42 63 8 63 17 63 37 63 67 63 106 63 5 63 40 63 0 63 186 63 123 63 74 63 73 63 71 63 100 63 81 63 155 63 45 63 26 63 41 63 170 63 179 63 120 63 70 63 -1 63 117 63 55 63 15 63 187 63 69 63 113 63 80 63 14 63 92 63 93 63 68 63 79 63 98 63 190 63 16 63 153 63 115 63 76 63 59 63 132 63 56 63 3 63 96 63 2 63 24 63 77 63 97 63 39 63 160 63 
188 64 4 64 2 64 96 64 3 64 56 64 132 64 59 64 76 64 115 64 153 64 16 64 190 64 98 64 79 64 68 64 93 64 92 64 14 64 80 64 113 64 69 64 187 64 15 64 55 64 117 64 -1 64 70 64 120 64 179 64 170 64 41 64 26 64 45 64 155 64 81 64 100 64 71 64 73 64 74 64 123 64 186 64 0 64 40 64 5 64 106 64 67 64 37 64 17 64 8 64 42 64 185 64 189 64 114 64 118 64 18 64 160 64 39 64 97 64 77 64 24 64 7 64 82 65 
188 66 4 66 2 66 96 66 3 66 56 66 132 66 59 66 76 66 115 66 153 66 16 66 190 66 98 66 79 66 68 66 93 66 92 66 14 66 80 66 113 66 69 66 187 66 15 66 55 66 117 66 -1 66 70 66 120 66 179 66 170 66 41 66 26 66 45 66 155 66 81 66 100 66 71 66 73 66 74 66 123 66 186 66 0 66 40 66 5 66 106 66 67 66 37 66 17 66 8 66 42 66 185 66 189 66 114 66 118 66 18 66 160 66 39 66 97 66 77 66 24 66 7 1 82 1 
82 61 92 61 79 61 174 61 
174 1 79 1 92 1 82 1 
118 67 18 67 188 67 4 67 114 67 185 67 189 67 8 67 42 67 17 67 5 67 106 67 67 67 37 67 186 67 0 67 40 67 120 67 179 67 170 67 41 67 26 67 45 67 155 67 81 67 100 67 71 67 73 67 74 67 123 67 2 67 96 67 3 67 56 67 132 67 59 67 76 67 115 67 153 67 16 67 190 67 98 67 79 67 68 67 93 67 92 67 14 67 80 67 113 67 69 67 187 67 15 67 55 67 117 67 -1 67 70 67 77 67 24 67 160 67 39 67 97 67 7 67 82 68 
18 1 
18 69 118 1 7 1 82 1 
82 70 7 70 118 70 18 70 188 70 4 70 114 70 185 70 189 70 8 70 42 70 17 70 5 70 106 70 67 70 37 70 186 70 0 70 40 70 120 70 179 70 170 70 41 70 26 70 45 70 155 70 81 70 100 70 71 70 73 70 74 70 123 70 2 70 96 70 3 70 56 70 132 70 59 70 76 70 115 70 153 70 16 70 190 70 98 70 79 70 68 70 93 70 92 70 14 70 80 70 113 70 69 70 187 70 15 70 55 70 117 70 -1 70 70 70 77 70 24 70 160 70 39 70 97 70 
174 1 79 1 92 1 82 1 
18 71 118 1 7 1 82 1 
82 72 
18 1 114 1 
17 1 
4 73 188 73 18 73 118 73 7 73 82 73 70 73 -1 73 117 73 55 73 15 73 187 73 69 73 113 73 80 73 14 73 92 73 93 73 68 73 79 73 98 73 190 73 16 73 153 73 115 73 76 73 59 73 132 73 56 73 3 73 96 73 2 73 123 73 74 73 73 73 71 73 100 73 81 73 155 73 45 73 26 73 41 73 170 73 179 73 120 73 40 73 0 73 186 73 37 73 67 73 106 73 5 73 17 73 42 73 8 73 189 73 185 73 114 73 97 73 39 73 160 73 24 73 77 73 
174 1 79 1 92 1 82 1 
18 74 114 74 7 1 82 1 
82 1 76 1 
82 75 7 75 118 75 18 75 188 75 4 75 114 75 185 75 189 75 8 75 42 75 17 75 5 75 106 75 67 75 37 75 186 75 0 75 40 75 120 75 179 75 170 75 41 75 26 75 45 75 155 75 81 75 100 75 71 75 73 75 74 75 123 75 2 75 96 75 3 75 56 75 132 75 59 75 76 75 115 75 153 75 16 75 190 75 98 75 79 75 68 75 93 75 92 75 14 75 80 75 113 75 69 75 187 75 15 75 55 75 117 75 -1 75 70 75 77 75 24 75 160 75 39 75 97 75 
17 1 
174 1 79 1 92 1 82 1 
18 76 114 76 7 1 82 1 
179 0 56 0 170 0 26 0 3 0 45 0 81 0 100 0 73 0 74 0 96 0 120 0 40 0 
82 20 174 1 92 1 
4 77 188 77 40 77 70 77 -1 77 120 77 117 77 55 77 15 77 187 77 69 77 113 77 80 77 14 77 92 77 93 77 68 77 79 77 42 77 98 77 82 77 190 77 16 77 153 77 115 77 76 77 59 77 132 77 179 77 56 77 170 77 26 77 3 77 45 77 81 77 100 77 73 77 74 77 96 77 155 77 2 77 118 77 
40 1 
2 78 155 78 96 78 74 78 73 78 100 78 81 78 45 78 3 78 26 78 170 78 56 78 179 78 132 78 59 78 76 78 115 78 153 78 16 78 190 78 82 78 98 78 42 78 79 78 68 78 93 78 92 78 14 78 80 78 113 78 69 78 187 78 15 78 55 78 117 78 120 78 -1 78 70 78 40 78 118 78 
40 1 
2 79 155 79 96 79 74 79 73 79 100 79 81 79 45 79 3 79 26 79 170 79 56 79 179 79 132 79 59 79 76 79 115 79 153 79 16 79 190 79 82 79 98 79 42 79 79 79 68 79 93 79 92 79 14 79 80 79 113 79 69 79 187 79 15 79 55 79 117 79 120 79 -1 79 70 79 40 79 118 79 
82 20 174 1 92 1 
4 80 188 80 189 80 40 80 70 80 -1 80 120 80 117 80 55 80 15 80 187 80 69 80 113 80 80 80 14 80 92 80 93 80 68 80 79 80 42 80 98 80 82 80 190 80 16 80 153 80 115 80 76 80 59 80 132 80 179 80 56 80 170 80 26 80 3 80 45 80 81 80 100 80 73 80 74 80 96 80 155 80 2 80 118 80 
97 81 185 81 189 81 188 81 4 81 2 81 155 81 96 81 74 81 73 81 100 81 81 81 45 81 3 81 26 81 170 81 56 81 179 81 132 81 59 81 76 81 115 81 153 81 16 81 190 81 82 81 98 81 42 81 79 81 68 81 93 81 92 81 14 81 80 81 113 81 69 81 187 81 15 81 55 81 117 81 120 81 -1 81 70 81 40 81 123 81 71 81 41 81 118 81 
185 82 189 82 188 82 4 82 2 82 155 82 96 82 74 82 73 82 100 82 81 82 45 82 3 82 26 82 170 82 56 82 179 82 132 82 59 82 76 82 115 82 153 82 16 82 190 82 82 82 98 82 42 82 79 82 68 82 93 82 92 82 14 82 80 82 113 82 69 82 187 82 15 82 55 82 117 82 120 82 -1 82 70 82 40 82 118 82 97 1 
97 83 185 83 189 83 188 83 4 83 2 83 155 83 96 83 74 83 73 83 100 83 81 83 45 83 3 83 26 83 170 83 56 83 179 83 132 83 59 83 76 83 115 83 153 83 16 83 190 83 82 83 98 83 42 83 79 83 68 83 93 83 92 83 14 83 80 83 113 83 69 83 187 83 15 83 55 83 117 83 120 83 -1 83 70 83 40 83 118 83 
185 84 189 84 188 84 4 84 2 84 155 84 96 84 74 84 73 84 100 84 81 84 45 84 3 84 26 84 170 84 56 84 179 84 132 84 59 84 76 84 115 84 153 84 16 84 190 84 82 84 98 84 42 84 79 84 68 84 93 84 92 84 14 84 80 84 113 84 69 84 187 84 15 84 55 84 117 84 120 84 -1 84 70 84 40 84 118 84 
185 1 189 85 188 85 4 85 2 85 155 85 96 85 74 85 73 85 100 85 81 85 45 85 3 85 26 85 170 85 56 85 179 85 132 85 59 85 76 85 115 85 153 85 16 85 190 85 82 85 98 85 42 85 79 85 68 85 93 85 92 85 14 85 80 85 113 85 69 85 187 85 15 85 55 85 117 85 120 85 -1 85 70 85 40 85 118 85 
82 1 
4 86 188 86 189 86 185 86 97 86 40 86 70 86 -1 86 120 86 117 86 55 86 15 86 187 86 69 86 113 86 80 86 14 86 92 86 93 86 68 86 79 86 42 86 98 86 82 86 190 86 16 86 153 86 115 86 76 86 59 86 132 86 179 86 56 86 170 86 26 86 3 86 45 86 81 86 100 86 73 86 74 86 96 86 155 86 2 86 118 86 
82 1 98 1 
185 87 189 87 188 87 4 87 2 87 155 87 96 87 74 87 73 87 100 87 81 87 45 87 3 87 26 87 170 87 56 87 179 87 132 87 59 87 76 87 115 87 153 87 16 87 190 87 82 87 98 87 42 87 79 87 68 87 93 87 92 87 14 87 80 87 113 87 69 87 187 87 15 87 55 87 117 87 120 87 -1 87 70 87 40 87 118 87 
174 1 79 1 92 1 82 1 
4 88 188 88 189 88 185 88 40 88 70 88 -1 88 120 88 117 88 55 88 15 88 187 88 69 88 113 88 80 88 14 88 92 88 93 88 68 88 79 88 42 88 98 88 82 88 190 88 16 88 153 88 115 88 76 88 59 88 132 88 179 88 56 88 170 88 26 88 3 88 45 88 81 88 100 88 73 88 74 88 96 88 155 88 2 88 118 88 
7 1 185 89 189 89 188 89 4 89 123 89 71 89 41 89 40 89 70 89 -1 89 120 89 117 89 55 89 15 89 187 89 69 89 113 89 80 89 14 89 92 89 93 89 68 89 79 89 42 89 98 89 82 1 190 89 16 89 153 89 115 89 76 89 59 89 132 89 179 89 56 89 170 89 26 89 3 89 45 89 81 89 100 89 73 89 74 89 96 89 155 89 2 89 118 89 
42 1 
82 90 26 90 98 90 
40 91 70 91 -1 91 120 91 117 91 55 91 15 91 187 91 69 91 113 91 80 91 14 91 92 91 93 91 68 91 79 91 42 91 98 91 82 91 190 91 16 91 153 91 115 91 76 91 59 91 132 91 179 91 56 91 170 91 26 91 3 91 45 91 81 91 100 91 73 91 74 91 96 91 155 91 2 91 118 91 
82 1 98 1 26 1 
4 1 189 1 40 92 70 92 -1 92 120 92 117 92 55 92 15 92 187 92 69 92 113 92 80 92 14 92 92 92 93 92 68 92 79 92 42 92 98 92 82 92 190 92 16 92 153 92 115 92 76 92 59 92 132 92 179 92 56 92 170 92 26 92 3 92 45 92 81 92 100 92 73 92 74 92 96 92 155 92 2 92 118 92 
82 20 174 1 92 1 
4 1 40 93 70 93 -1 93 120 93 117 93 55 93 15 93 187 93 69 93 113 93 80 93 14 93 92 93 93 93 68 93 79 93 42 93 98 93 82 93 190 93 16 93 153 93 115 93 76 93 59 93 132 93 179 93 56 93 170 93 26 93 3 93 45 93 81 93 100 93 73 93 74 93 96 93 155 93 2 93 118 93 
82 1 
40 94 70 94 -1 94 120 94 117 94 55 94 15 94 187 94 69 94 113 94 80 94 14 94 92 94 93 94 68 94 79 94 42 94 98 94 82 94 190 94 16 94 153 94 115 94 76 94 59 94 132 94 179 94 56 94 170 94 26 94 3 94 45 94 81 94 100 94 73 94 74 94 96 94 155 94 2 94 118 94 
8 95 17 96 18 96 178 96 76 96 115 96 153 96 16 96 190 96 82 96 98 96 79 96 92 96 14 96 118 96 42 96 24 96 77 96 114 96 
4 1 40 97 70 97 -1 97 120 97 117 97 55 97 15 97 187 97 69 97 113 97 80 97 14 97 92 97 93 97 68 97 79 97 42 97 98 97 82 97 190 97 16 97 153 97 115 97 76 97 59 97 132 97 179 97 56 97 170 97 26 97 3 97 45 97 81 97 100 97 73 97 74 97 96 97 155 97 2 97 118 97 
82 98 17 98 18 98 118 98 42 98 24 98 77 98 114 98 
4 99 40 99 70 99 -1 99 120 99 117 99 55 99 15 99 187 99 69 99 113 99 80 99 14 99 92 99 93 99 68 99 79 99 42 99 98 99 82 99 190 99 16 99 153 99 115 99 76 99 59 99 132 99 179 99 56 99 170 99 26 99 3 99 45 99 81 99 100 99 73 99 74 99 96 99 155 99 2 99 118 99 
114 1 38 1 82 1 76 1 
82 100 17 100 18 100 118 100 178 100 76 100 115 100 153 100 16 100 190 100 98 100 79 100 92 100 14 100 42 100 24 100 77 100 114 100 
17 1 82 1 42 1 
178 1 79 1 92 1 14 1 76 1 115 1 153 1 16 1 190 1 82 1 98 1 118 1 174 1 
116 1 178 1 79 1 92 1 14 1 76 1 115 1 153 1 16 1 190 1 82 1 98 1 
116 1 178 1 79 1 92 1 14 1 76 1 115 1 153 1 16 1 190 1 82 1 98 1 
18 101 178 101 76 101 115 101 153 101 16 101 190 101 82 101 98 101 79 101 92 101 14 101 8 101 17 101 118 101 42 101 24 101 77 101 114 101 
82 102 17 102 18 102 118 102 178 102 76 102 115 102 153 102 16 102 190 102 98 102 79 102 92 102 14 102 42 102 24 102 77 102 114 102 
8 103 178 1 79 1 92 1 14 1 76 1 115 1 153 1 16 1 190 1 98 1 82 104 17 105 18 106 118 106 42 106 24 106 77 106 114 106 
82 1 
178 1 79 1 92 1 14 1 76 1 115 1 153 1 16 1 190 1 82 1 98 1 77 1 
178 1 79 1 92 1 14 1 76 1 115 1 153 1 16 1 190 1 98 1 82 107 17 108 18 108 118 108 42 108 24 108 77 108 114 108 
77 109 24 109 42 109 118 109 18 109 17 109 82 109 114 109 
178 1 79 1 92 1 14 1 76 1 115 1 153 1 16 1 190 1 82 1 98 1 118 1 
118 106 178 106 76 106 115 106 153 106 16 106 190 106 82 106 98 106 79 106 92 106 14 106 17 106 42 106 77 106 24 106 18 106 114 106 
82 108 178 108 76 108 115 108 153 108 16 108 190 108 98 108 79 108 92 108 14 108 118 108 17 108 42 108 77 108 24 108 18 108 114 108 
77 110 24 110 42 110 14 110 92 110 79 110 98 110 190 110 16 110 153 110 115 110 76 110 178 110 118 110 18 110 17 110 82 110 114 110 
17 1 82 1 18 1 77 1 
18 1 77 1 
77 111 24 111 42 111 118 111 14 111 92 111 79 111 98 111 82 111 190 111 16 111 153 111 115 111 76 111 178 111 18 111 17 111 70 111 4 111 -1 111 160 111 37 111 97 111 39 111 40 111 5 111 106 111 67 111 120 111 117 111 55 111 15 111 187 111 69 111 113 111 80 111 93 111 68 111 59 111 132 111 2 111 155 111 96 111 74 111 73 111 100 111 81 111 45 111 3 111 26 111 170 111 56 111 179 111 114 111 185 111 
77 112 24 112 42 112 118 112 17 112 8 112 14 112 92 112 79 112 98 112 82 112 190 112 16 112 153 112 115 112 76 112 178 112 18 112 114 112 
82 113 17 113 18 113 118 113 178 113 76 113 115 113 153 113 16 113 190 113 98 113 79 113 92 113 14 113 42 113 24 113 77 113 114 113 
178 1 79 1 92 1 14 1 76 1 115 1 153 1 16 1 190 1 82 1 98 1 
17 1 82 1 18 114 77 114 118 114 
77 115 24 115 42 115 118 115 18 115 17 115 82 115 114 115 
8 1 
174 1 79 1 92 1 82 1 
7 1 82 1 8 116 42 116 18 116 114 116 
17 1 82 1 18 1 118 1 
77 117 24 117 42 117 14 117 92 117 79 117 98 117 190 117 16 117 153 117 115 117 76 117 178 117 118 117 18 117 17 117 82 117 114 117 
18 1 118 1 
82 118 17 118 18 118 118 118 178 118 76 118 115 118 153 118 16 118 190 118 98 118 79 118 92 118 14 118 42 118 24 118 77 118 114 118 
80 119 14 119 92 119 93 119 68 119 79 119 42 119 98 119 82 119 190 119 16 119 153 119 115 119 76 119 178 119 
178 1 79 1 92 1 14 1 76 1 115 1 153 1 16 1 190 1 82 1 98 1 
82 120 17 120 18 120 118 120 178 120 76 120 115 120 153 120 16 120 190 120 98 120 79 120 92 120 14 120 42 120 24 120 77 120 114 120 
178 1 79 1 92 1 14 1 76 1 115 1 153 1 16 1 190 1 82 1 98 1 
174 1 79 1 92 1 82 1 
7 1 82 1 17 121 18 121 118 121 77 121 24 121 42 121 114 121 
17 122 18 122 118 122 77 122 24 122 42 122 114 122 82 123 
17 124 8 124 18 124 114 124 42 32 
18 125 114 125 
18 1 114 1 
42 1 
8 103 18 103 114 103 17 1 
114 1 
77 126 24 126 42 126 14 126 92 126 79 126 98 126 190 126 16 126 153 126 115 126 76 126 178 126 118 126 18 126 17 126 82 126 114 126 
82 127 17 127 18 127 118 127 178 127 76 127 115 127 153 127 16 127 190 127 98 127 79 127 92 127 14 127 42 127 24 127 77 127 114 127 
8 1 114 128 18 128 
178 1 79 1 92 1 14 1 76 1 115 1 153 1 16 1 190 1 82 1 98 1 
17 1 82 1 114 129 18 129 
178 1 79 1 92 1 14 1 76 1 115 1 153 1 16 1 190 1 82 1 98 1 
17 1 82 1 18 130 114 130 
82 1 76 1 38 1 
82 131 17 131 18 131 118 131 178 131 76 131 115 131 153 131 16 131 190 131 98 131 79 131 92 131 14 131 42 131 24 131 77 131 114 131 
18 132 114 132 
114 1 
82 133 17 133 18 133 118 133 178 133 76 133 115 133 153 133 16 133 190 133 98 133 79 133 92 133 14 133 42 133 24 133 77 133 114 133 
17 1 82 1 18 134 118 134 77 134 
178 1 79 1 92 1 14 1 76 1 115 1 153 1 16 1 190 1 82 1 98 1 
77 135 24 135 42 135 118 135 18 135 114 135 17 1 82 1 
82 136 17 136 18 136 118 136 178 136 76 136 115 136 153 136 16 136 190 136 98 136 79 136 92 136 14 136 42 136 24 136 77 136 114 136 
2 137 155 137 96 137 74 137 73 137 100 137 81 137 45 137 3 137 26 137 170 137 56 137 179 137 132 137 59 137 76 137 115 137 153 137 16 137 190 137 82 137 98 137 42 137 79 137 68 137 93 137 92 137 14 137 80 137 113 137 69 137 187 137 15 137 55 137 117 137 120 137 -1 137 70 137 40 137 118 137 4 1 
113 1 69 1 187 1 15 1 55 1 42 1 98 1 79 1 68 1 93 1 92 1 14 1 80 1 76 1 115 1 153 1 16 1 190 1 82 1 
4 138 40 138 70 138 -1 138 120 138 117 138 55 138 15 138 187 138 69 138 113 138 80 138 14 138 92 138 93 138 68 138 79 138 42 138 98 138 82 138 190 138 16 138 153 138 115 138 76 138 59 138 132 138 179 138 56 138 170 138 26 138 3 138 45 138 81 138 100 138 73 138 74 138 96 138 155 138 2 138 118 138 67 1 106 1 5 1 17 1 
160 1 67 1 106 1 5 1 17 1 
70 139 4 139 -1 139 77 139 160 139 118 139 18 139 37 139 97 139 39 139 40 139 17 139 5 139 106 139 67 139 120 139 117 139 55 139 15 139 187 139 69 139 113 139 80 139 14 139 92 139 93 139 68 139 79 139 42 139 98 139 82 139 190 139 16 139 153 139 115 139 76 139 59 139 132 139 2 139 155 139 96 139 74 139 73 139 100 139 81 139 45 139 3 139 26 139 170 139 56 139 179 139 114 139 185 139 
70 140 4 140 -1 140 77 140 160 140 118 140 18 140 37 140 97 140 39 140 40 140 120 140 117 140 55 140 15 140 187 140 69 140 113 140 80 140 14 140 92 140 93 140 68 140 79 140 42 140 98 140 82 140 190 140 16 140 153 140 115 140 76 140 59 140 132 140 2 140 155 140 96 140 74 140 73 140 100 140 81 140 45 140 3 140 26 140 170 140 56 140 179 140 114 140 185 140 67 1 106 1 5 1 17 1 
70 141 4 141 -1 141 77 141 160 141 118 141 18 141 37 141 97 141 39 141 40 141 17 141 5 141 106 141 67 141 120 141 117 141 55 141 15 141 187 141 69 141 113 141 80 141 14 141 92 141 93 141 68 141 79 141 42 141 98 141 82 141 190 141 16 141 153 141 115 141 76 141 59 141 132 141 2 141 155 141 96 141 74 141 73 141 100 141 81 141 45 141 3 141 26 141 170 141 56 141 179 141 114 141 185 141 
120 1 
70 142 4 142 -1 142 77 142 160 142 118 142 18 142 37 142 97 142 39 142 40 142 17 142 5 142 106 142 67 142 120 142 117 142 55 142 15 142 187 142 69 142 113 142 80 142 14 142 92 142 93 142 68 142 79 142 42 142 98 142 82 142 190 142 16 142 153 142 115 142 76 142 59 142 132 142 2 142 155 142 96 142 74 142 73 142 100 142 81 142 45 142 3 142 26 142 170 142 56 142 179 142 114 142 185 142 
118 1 
67 1 106 1 5 1 17 1 120 143 18 1 118 1 
18 1 118 1 
179 144 56 144 170 144 26 144 3 144 45 144 81 144 100 144 73 144 74 144 96 144 155 144 2 144 132 144 59 144 76 144 115 144 153 144 16 144 190 144 82 144 98 144 42 144 79 144 68 144 93 144 92 144 14 144 80 144 113 144 69 144 187 144 15 144 55 144 117 144 120 144 67 144 106 144 5 144 17 144 40 144 39 144 97 144 37 144 18 144 118 144 160 144 77 144 -1 144 4 144 70 144 185 144 114 144 
37 1 67 1 106 1 5 1 17 1 
113 1 69 1 187 1 15 1 55 1 42 1 98 1 79 1 68 1 93 1 92 1 14 1 80 1 76 1 115 1 153 1 16 1 190 1 82 1 
113 1 69 1 187 1 15 1 55 1 42 1 98 1 79 1 68 1 93 1 92 1 14 1 80 1 76 1 115 1 153 1 16 1 190 1 82 1 
178 1 79 1 92 1 14 1 76 1 115 1 153 1 16 1 190 1 82 1 98 1 
174 1 79 1 92 1 82 1 
113 1 69 1 187 1 15 1 55 1 42 1 98 1 79 1 68 1 93 1 92 1 14 1 80 1 76 1 115 1 153 1 16 1 190 1 82 1 
106 145 67 145 37 145 70 145 4 145 -1 145 77 145 160 145 118 145 39 145 40 145 120 145 117 145 55 145 15 145 187 145 69 145 113 145 80 145 14 145 92 145 93 145 68 145 79 145 42 145 98 145 82 145 190 145 16 145 153 145 115 145 76 145 59 145 132 145 2 145 155 145 96 145 74 145 73 145 100 145 81 145 45 145 3 145 26 145 170 145 56 145 179 145 18 145 114 145 97 145 185 145 5 145 17 1 
7 1 17 146 5 146 106 146 67 146 37 146 70 146 4 146 -1 146 77 146 160 146 118 146 39 146 40 146 120 146 117 146 55 146 15 146 187 146 69 146 113 146 80 146 14 146 92 146 93 146 68 146 79 146 42 146 98 146 82 1 190 146 16 146 153 146 115 146 76 146 59 146 132 146 2 146 155 146 96 146 74 146 73 146 100 146 81 146 45 146 3 146 26 146 170 146 56 146 179 146 18 146 114 146 97 146 185 146 
17 1 82 1 24 1 
185 147 17 147 5 147 106 147 67 147 37 147 70 147 4 147 -1 147 77 147 160 147 118 147 18 147 97 147 39 147 40 147 120 147 117 147 55 147 15 147 187 147 69 147 113 147 80 147 14 147 92 147 93 147 68 147 79 147 42 147 98 147 82 147 190 147 16 147 153 147 115 147 76 147 59 147 132 147 2 147 155 147 96 147 74 147 73 147 100 147 81 147 45 147 3 147 26 147 170 147 56 147 179 147 114 147 
17 148 5 148 106 148 67 148 37 148 70 148 4 148 -1 148 77 148 160 148 118 148 39 148 40 148 120 148 117 148 55 148 15 148 187 148 69 148 113 148 80 148 14 148 92 148 93 148 68 148 79 148 42 148 98 148 82 148 190 148 16 148 153 148 115 148 76 148 59 148 132 148 2 148 155 148 96 148 74 148 73 148 100 148 81 148 45 148 3 148 26 148 170 148 56 148 179 148 18 148 114 148 97 148 185 1 
178 1 79 1 92 1 14 1 76 1 115 1 153 1 16 1 190 1 82 1 98 1 
185 149 17 149 5 149 106 149 67 149 37 149 114 149 70 149 4 149 -1 149 77 149 160 149 118 149 18 149 97 149 39 149 40 149 120 149 117 149 55 149 15 149 187 149 69 149 113 149 80 149 14 149 92 149 93 149 68 149 79 149 42 149 98 149 82 149 190 149 16 149 153 149 115 149 76 149 59 149 132 149 2 149 155 149 96 149 74 149 73 149 100 149 81 149 45 149 3 149 26 149 170 149 56 149 179 149 
113 1 69 1 187 1 15 1 55 1 42 1 98 1 79 1 68 1 93 1 92 1 14 1 80 1 76 1 115 1 153 1 16 1 190 1 82 1 
185 150 37 150 70 150 4 150 -1 150 77 150 160 150 118 150 18 150 97 150 39 150 40 150 120 150 117 150 55 150 15 150 187 150 69 150 113 150 80 150 14 150 92 150 93 150 68 150 79 150 42 150 98 150 82 150 190 150 16 150 153 150 115 150 76 150 59 150 132 150 2 150 155 150 96 150 74 150 73 150 100 150 81 150 45 150 3 150 26 150 170 150 56 150 179 150 114 150 67 1 106 1 5 1 17 1 
185 151 67 151 37 151 70 151 4 151 -1 151 77 151 160 151 118 151 39 151 40 151 120 151 117 151 55 151 15 151 187 151 69 151 113 151 80 151 14 151 92 151 93 151 68 151 79 151 42 151 98 151 82 151 190 151 16 151 153 151 115 151 76 151 59 151 132 151 2 151 155 151 96 151 74 151 73 151 100 151 81 151 45 151 3 151 26 151 170 151 56 151 179 151 18 151 114 151 97 151 106 151 5 1 17 1 
97 1 67 1 106 1 5 1 17 1 
178 1 79 1 92 1 14 1 76 1 115 1 153 1 16 1 190 1 82 1 98 1 
185 1 70 152 4 152 -1 152 77 152 160 152 118 152 18 152 37 152 97 152 39 152 40 152 17 152 5 152 106 152 67 152 120 152 117 152 55 152 15 152 187 152 69 152 113 152 80 152 14 152 92 152 93 152 68 152 79 152 42 152 98 152 82 152 190 152 16 152 153 152 115 152 76 152 59 152 132 152 2 152 155 152 96 152 74 152 73 152 100 152 81 152 45 152 3 152 26 152 170 152 56 152 179 152 114 152 
80 153 14 153 92 153 93 153 68 153 79 153 42 153 98 153 82 153 190 153 16 153 153 153 115 153 76 153 
80 154 14 154 92 154 93 154 68 154 79 154 42 154 98 154 82 154 190 154 16 154 153 154 115 154 76 154 
42 1 98 1 79 1 68 1 93 1 92 1 14 1 80 1 76 1 115 1 153 1 16 1 190 1 82 1 
179 155 56 155 170 155 26 155 3 155 45 155 81 155 100 155 73 155 74 155 96 155 155 155 2 155 132 155 59 155 76 155 115 155 153 155 16 155 190 155 98 155 79 155 68 155 93 155 92 155 14 155 80 155 113 155 69 155 187 155 15 155 55 155 117 155 120 155 67 155 106 155 5 155 17 155 40 155 39 155 97 155 37 155 18 155 118 155 160 155 77 155 -1 155 4 155 70 155 185 155 114 155 42 156 82 156 
18 1 114 1 
42 1 
185 157 70 157 4 157 -1 157 77 157 160 157 118 157 18 157 37 157 97 157 39 157 40 157 17 157 5 157 106 157 67 157 120 157 117 157 55 157 15 157 187 157 69 157 113 157 80 157 14 157 92 157 93 157 68 157 79 157 42 157 98 157 82 157 190 157 16 157 153 157 115 157 76 157 59 157 132 157 2 157 155 157 96 157 74 157 73 157 100 157 81 157 45 157 3 157 26 157 170 157 56 157 179 157 114 157 
113 1 69 1 187 1 15 1 55 1 42 1 98 1 79 1 68 1 93 1 92 1 14 1 80 1 76 1 115 1 153 1 16 1 190 1 82 1 
67 1 106 1 5 1 17 1 18 158 114 158 
114 159 185 1 70 159 4 159 -1 159 77 159 160 159 118 159 18 159 37 159 97 159 39 159 40 159 17 159 5 159 106 159 67 159 120 159 117 159 55 159 15 159 187 159 69 159 113 159 80 159 14 159 92 159 93 159 68 159 79 159 42 159 98 159 82 159 190 159 16 159 153 159 115 159 76 159 59 159 132 159 2 159 155 159 96 159 74 159 73 159 100 159 81 159 45 159 3 159 26 159 170 159 56 159 179 159 
82 1 76 1 
179 160 56 160 170 160 26 160 3 160 45 160 81 160 100 160 73 160 74 160 96 160 155 160 2 160 132 160 59 160 76 160 115 160 153 160 16 160 190 160 82 160 98 160 42 160 79 160 68 160 93 160 92 160 14 160 80 160 113 160 69 160 187 160 15 160 55 160 117 160 120 160 67 160 106 160 5 160 17 160 40 160 39 160 97 160 37 160 18 160 118 160 160 160 77 160 -1 160 4 160 70 160 185 160 114 160 
42 1 
113 1 69 1 187 1 15 1 55 1 42 1 98 1 79 1 68 1 93 1 92 1 14 1 80 1 76 1 115 1 153 1 16 1 190 1 82 1 
67 1 106 1 5 1 17 1 18 161 114 161 
70 162 4 162 -1 162 77 162 160 162 118 162 18 162 37 162 97 162 39 162 40 162 120 162 117 162 55 162 15 162 187 162 69 162 113 162 80 162 14 162 92 162 93 162 68 162 79 162 42 162 98 162 82 162 190 162 16 162 153 162 115 162 76 162 59 162 132 162 2 162 155 162 96 162 74 162 73 162 100 162 81 162 45 162 3 162 26 162 170 162 56 162 179 162 114 162 185 162 67 1 106 1 5 1 17 1 
113 1 69 1 187 1 15 1 55 1 42 1 98 1 79 1 68 1 93 1 92 1 14 1 80 1 76 1 115 1 153 1 16 1 190 1 82 1 
179 163 56 163 170 163 26 163 3 163 45 163 81 163 100 163 73 163 74 163 96 163 155 163 2 163 132 163 59 163 76 163 115 163 153 163 16 163 190 163 82 163 98 163 42 163 79 163 68 163 93 163 92 163 14 163 80 163 113 163 69 163 187 163 15 163 55 163 117 163 120 163 67 163 106 163 5 163 17 163 40 163 39 163 97 163 37 163 18 163 118 163 160 163 77 163 -1 163 4 163 70 163 185 163 114 163 
67 1 106 1 5 1 17 1 18 164 118 164 77 164 
179 165 56 165 170 165 26 165 3 165 45 165 81 165 100 165 73 165 74 165 96 165 155 165 2 165 132 165 59 165 76 165 115 165 153 165 16 165 190 165 82 165 98 165 42 165 79 165 68 165 93 165 92 165 14 165 80 165 113 165 69 165 187 165 15 165 55 165 117 165 120 165 67 165 106 165 5 165 17 165 40 165 39 165 97 165 37 165 18 165 118 165 160 165 77 165 -1 165 4 165 70 165 185 165 114 165 
113 1 69 1 187 1 15 1 55 1 42 1 98 1 79 1 68 1 93 1 92 1 14 1 80 1 76 1 115 1 153 1 16 1 190 1 82 1 
67 1 106 1 5 1 17 1 118 166 120 167 
113 1 69 1 187 1 15 1 55 1 42 1 98 1 79 1 68 1 93 1 92 1 14 1 80 1 76 1 115 1 153 1 16 1 190 1 82 1 
39 1 67 1 106 1 5 1 17 1 
113 1 69 1 187 1 15 1 55 1 42 1 98 1 79 1 68 1 93 1 92 1 14 1 80 1 76 1 115 1 153 1 16 1 190 1 82 1 
70 168 4 168 -1 168 77 168 160 168 118 168 18 168 37 168 97 168 39 168 40 168 120 168 117 168 55 168 15 168 187 168 69 168 113 168 80 168 14 168 92 168 93 168 68 168 79 168 42 168 98 168 82 168 190 168 16 168 153 168 115 168 76 168 59 168 132 168 2 168 155 168 96 168 74 168 73 168 100 168 81 168 45 168 3 168 26 168 170 168 56 168 179 168 114 168 185 168 67 1 106 1 5 1 17 1 
116 1 178 1 79 1 92 1 14 1 76 1 115 1 153 1 16 1 190 1 82 1 98 1 
4 169 2 169 155 169 96 169 74 169 73 169 100 169 81 169 45 169 3 169 26 169 170 169 56 169 179 169 132 169 59 169 76 169 115 169 153 169 16 169 190 169 82 169 98 169 42 169 79 169 68 169 93 169 92 169 14 169 80 169 113 169 69 169 187 169 15 169 55 169 117 169 120 169 -1 169 70 169 40 169 118 169 
116 1 178 1 79 1 92 1 14 1 76 1 115 1 153 1 16 1 190 1 82 1 98 1 
40 170 70 170 -1 170 120 170 117 170 55 170 15 170 187 170 69 170 113 170 80 170 14 170 92 170 93 170 68 170 79 170 42 170 98 170 82 170 190 170 16 170 153 170 115 170 76 170 59 170 132 170 179 170 56 170 170 170 26 170 3 170 45 170 81 170 100 170 73 170 74 170 96 170 155 170 2 170 118 170 4 1 
4 1 2 171 155 171 96 171 74 171 73 171 100 171 81 171 45 171 3 171 26 171 170 171 56 171 179 171 132 171 59 171 76 171 115 171 153 171 16 171 190 171 82 171 98 171 42 171 79 171 68 171 93 171 92 171 14 171 80 171 113 171 69 171 187 171 15 171 55 171 117 171 120 171 -1 171 70 171 40 171 118 171 
82 172 178 172 76 172 115 172 153 172 16 172 190 172 98 172 79 172 92 172 14 172 
185 173 4 173 40 173 70 173 -1 173 120 173 117 173 55 173 15 173 187 173 69 173 113 173 80 173 14 173 92 173 93 173 68 173 79 173 42 173 98 173 82 173 190 173 16 173 153 173 115 173 76 173 59 173 132 173 179 173 56 173 170 173 26 173 3 173 45 173 81 173 100 173 73 173 74 173 96 173 155 173 2 173 118 173 
178 1 79 1 92 1 14 1 76 1 115 1 153 1 16 1 190 1 82 1 98 1 118 1 174 1 
178 1 79 1 92 1 14 1 76 1 115 1 153 1 16 1 190 1 82 1 98 1 
4 1 40 174 70 174 -1 174 120 174 117 174 55 174 15 174 187 174 69 174 113 174 80 174 14 174 92 174 93 174 68 174 79 174 42 174 98 174 82 174 190 174 16 174 153 174 115 174 76 174 59 174 132 174 179 174 56 174 170 174 26 174 3 174 45 174 81 174 100 174 73 174 74 174 96 174 155 174 2 174 118 174 
185 1 4 175 40 175 70 175 -1 175 120 175 117 175 55 175 15 175 187 175 69 175 113 175 80 175 14 175 92 175 93 175 68 175 79 175 42 175 98 175 82 175 190 175 16 175 153 175 115 175 76 175 59 175 132 175 179 175 56 175 170 175 26 175 3 175 45 175 81 175 100 175 73 175 74 175 96 175 155 175 2 175 118 175 
178 104 79 104 92 104 14 104 76 104 115 104 153 104 16 104 190 104 82 104 98 104 
178 1 79 1 92 1 14 1 76 1 115 1 153 1 16 1 190 1 98 1 82 1 
178 176 79 176 92 176 14 176 76 176 115 176 153 176 16 176 190 176 82 176 98 176 42 103 17 1 
178 177 76 177 115 177 153 177 16 177 190 177 82 177 98 177 79 177 92 177 14 177 17 177 42 177 
42 1 
178 1 79 1 92 1 14 1 76 1 115 1 153 1 16 1 190 1 82 1 98 1 42 103 17 1 
42 178 17 178 14 178 92 178 79 178 98 178 82 178 190 178 16 178 153 178 115 178 76 178 178 178 
42 1 
113 1 69 1 187 1 15 1 55 1 42 1 98 1 79 1 68 1 93 1 92 1 14 1 80 1 76 1 115 1 153 1 16 1 190 1 82 1 
185 179 4 179 40 179 70 179 -1 179 120 179 117 179 55 179 15 179 187 179 69 179 113 179 80 179 14 179 92 179 93 179 68 179 79 179 42 179 98 179 82 179 190 179 16 179 153 179 115 179 76 179 59 179 132 179 179 179 56 179 170 179 26 179 3 179 45 179 81 179 100 179 73 179 74 179 96 179 155 179 2 179 118 179 67 1 106 1 5 1 17 1 
113 1 69 1 187 1 15 1 55 1 42 1 98 1 79 1 68 1 93 1 92 1 14 1 80 1 76 1 115 1 153 1 16 1 190 1 82 1 
2 180 155 180 96 180 74 180 73 180 100 180 81 180 45 180 3 180 26 180 170 180 56 180 179 180 132 180 59 180 76 180 115 180 153 180 16 180 190 180 82 180 98 180 42 180 79 180 68 180 93 180 92 180 14 180 80 180 113 180 69 180 187 180 15 180 55 180 117 180 120 180 -1 180 70 180 40 180 4 180 185 180 118 180 67 1 106 1 5 1 17 1 
42 103 17 1 178 1 79 1 92 1 14 1 76 1 115 1 153 1 16 1 190 1 82 1 98 1 
178 1 79 1 92 1 14 1 76 1 115 1 153 1 16 1 190 1 82 1 98 1 42 103 17 1 
42 1 
113 1 69 1 187 1 15 1 55 1 42 1 98 1 79 1 68 1 93 1 92 1 14 1 80 1 76 1 115 1 153 1 16 1 190 1 82 1 
185 181 4 181 40 181 70 181 -1 181 120 181 117 181 55 181 15 181 187 181 69 181 113 181 80 181 14 181 92 181 93 181 68 181 79 181 42 181 98 181 82 181 190 181 16 181 153 181 115 181 76 181 59 181 132 181 179 181 56 181 170 181 26 181 3 181 45 181 81 181 100 181 73 181 74 181 96 181 155 181 2 181 118 181 67 1 106 1 5 1 17 1 
178 1 79 1 92 1 14 1 76 1 115 1 153 1 16 1 190 1 82 1 98 1 42 103 17 1 
42 1 
113 1 69 1 187 1 15 1 55 1 42 1 98 1 79 1 68 1 93 1 92 1 14 1 80 1 76 1 115 1 153 1 16 1 190 1 82 1 
185 182 4 182 40 182 70 182 -1 182 120 182 117 182 55 182 15 182 187 182 69 182 113 182 80 182 14 182 92 182 93 182 68 182 79 182 42 182 98 182 82 182 190 182 16 182 153 182 115 182 76 182 59 182 132 182 179 182 56 182 170 182 26 182 3 182 45 182 81 182 100 182 73 182 74 182 96 182 155 182 2 182 118 182 67 1 106 1 5 1 17 1 
42 1 
178 1 79 1 92 1 14 1 76 1 115 1 153 1 16 1 190 1 82 1 98 1 42 103 17 1 
42 1 
113 1 69 1 187 1 15 1 55 1 42 1 98 1 79 1 68 1 93 1 92 1 14 1 80 1 76 1 115 1 153 1 16 1 190 1 82 1 
185 183 4 183 40 183 70 183 -1 183 120 183 117 183 55 183 15 183 187 183 69 183 113 183 80 183 14 183 92 183 93 183 68 183 79 183 42 183 98 183 82 183 190 183 16 183 153 183 115 183 76 183 59 183 132 183 179 183 56 183 170 183 26 183 3 183 45 183 81 183 100 183 73 183 74 183 96 183 155 183 2 183 118 183 67 1 106 1 5 1 17 1 
113 1 69 1 187 1 15 1 55 1 42 1 98 1 79 1 68 1 93 1 92 1 14 1 80 1 76 1 115 1 153 1 16 1 190 1 82 1 
2 184 155 184 96 184 74 184 73 184 100 184 81 184 45 184 3 184 26 184 170 184 56 184 179 184 132 184 59 184 76 184 115 184 153 184 16 184 190 184 82 184 98 184 42 184 79 184 68 184 93 184 92 184 14 184 80 184 113 184 69 184 187 184 15 184 55 184 117 184 120 184 -1 184 70 184 40 184 4 184 185 184 118 184 67 1 106 1 5 1 17 1 
178 1 79 1 92 1 14 1 76 1 115 1 153 1 16 1 190 1 82 1 98 1 42 103 17 1 
42 1 
113 1 69 1 187 1 15 1 55 1 42 1 98 1 79 1 68 1 93 1 92 1 14 1 80 1 76 1 115 1 153 1 16 1 190 1 82 1 
185 185 4 185 40 185 70 185 -1 185 120 185 117 185 55 185 15 185 187 185 69 185 113 185 80 185 14 185 92 185 93 185 68 185 79 185 42 185 98 185 82 185 190 185 16 185 153 185 115 185 76 185 59 185 132 185 179 185 56 185 170 185 26 185 3 185 45 185 81 185 100 185 73 185 74 185 96 185 155 185 2 185 118 185 67 1 106 1 5 1 17 1 
178 1 79 1 92 1 14 1 76 1 115 1 153 1 16 1 190 1 82 1 98 1 
185 186 4 186 40 186 70 186 -1 186 120 186 117 186 55 186 15 186 187 186 69 186 113 186 80 186 14 186 92 186 93 186 68 186 79 186 42 186 98 186 82 186 190 186 16 186 153 186 115 186 76 186 59 186 132 186 179 186 56 186 170 186 26 186 3 186 45 186 81 186 100 186 73 186 74 186 96 186 155 186 2 186 118 186 
178 1 79 1 92 1 14 1 76 1 115 1 153 1 16 1 190 1 82 1 98 1 118 1 
17 98 18 98 118 98 82 187 
14 188 92 188 79 188 98 188 82 188 190 188 16 188 153 188 115 188 76 188 178 188 
178 1 79 1 92 1 14 1 76 1 115 1 153 1 16 1 190 1 82 1 98 1 
118 1 
42 189 17 189 178 189 76 189 115 189 153 189 16 189 190 189 82 189 98 189 79 189 92 189 14 189 
178 1 79 1 92 1 14 1 76 1 115 1 153 1 16 1 190 1 82 1 98 1 
185 1 4 190 40 190 70 190 -1 190 120 190 117 190 55 190 15 190 187 190 69 190 113 190 80 190 14 190 92 190 93 190 68 190 79 190 42 190 98 190 82 190 190 190 16 190 153 190 115 190 76 190 59 190 132 190 179 190 56 190 170 190 26 190 3 190 45 190 81 190 100 190 73 190 74 190 96 190 155 190 2 190 118 190 
4 1 2 191 155 191 96 191 74 191 73 191 100 191 81 191 45 191 3 191 26 191 170 191 56 191 179 191 132 191 59 191 76 191 115 191 153 191 16 191 190 191 82 191 98 191 42 191 79 191 68 191 93 191 92 191 14 191 80 191 113 191 69 191 187 191 15 191 55 191 117 191 120 191 -1 191 70 191 40 191 118 191 
82 192 40 192 70 192 -1 192 120 192 117 192 55 192 15 192 187 192 69 192 113 192 80 192 14 192 92 192 93 192 68 192 79 192 42 192 98 192 190 192 16 192 153 192 115 192 76 192 59 192 132 192 179 192 56 192 170 192 26 192 3 192 45 192 81 192 100 192 73 192 74 192 96 192 155 192 2 192 41 192 71 192 123 192 118 192 
40 193 70 193 -1 193 120 193 117 193 55 193 15 193 187 193 69 193 113 193 80 193 14 193 92 193 93 193 68 193 79 193 42 193 98 193 82 1 190 193 16 193 153 193 115 193 76 193 59 193 132 193 179 193 56 193 170 193 26 193 3 193 45 193 81 193 100 193 73 193 74 193 96 193 155 193 2 193 118 193 
2 194 155 194 96 194 74 194 73 194 100 194 81 194 45 194 3 194 26 194 170 194 56 194 179 194 132 194 59 194 76 194 115 194 153 194 16 194 190 194 98 194 42 194 79 194 68 194 93 194 92 194 14 194 80 194 113 194 69 194 187 194 15 194 55 194 117 194 120 194 -1 194 70 194 40 194 82 194 123 194 71 194 41 194 118 194 
4 195 40 195 70 195 -1 195 120 195 117 195 55 195 15 195 187 195 69 195 113 195 80 195 14 195 92 195 93 195 68 195 79 195 42 195 98 195 82 195 190 195 16 195 153 195 115 195 76 195 59 195 132 195 179 195 56 195 170 195 26 195 3 195 45 195 81 195 100 195 73 195 74 195 96 195 155 195 2 195 118 195 
97 196 4 196 42 196 40 196 70 196 -1 196 120 196 117 196 55 196 15 196 187 196 69 196 113 196 80 196 14 196 92 196 93 196 68 196 79 196 98 196 82 196 190 196 16 196 153 196 115 196 76 196 59 196 132 196 179 196 56 196 170 196 26 196 3 196 45 196 81 196 100 196 73 196 74 196 96 196 155 196 2 196 41 196 71 196 123 196 118 196 
97 197 42 197 4 197 40 197 70 197 -1 197 120 197 117 197 55 197 15 197 187 197 69 197 113 197 80 197 14 197 92 197 93 197 68 197 79 197 98 197 82 197 190 197 16 197 153 197 115 197 76 197 59 197 132 197 179 197 56 197 170 197 26 197 3 197 45 197 81 197 100 197 73 197 74 197 96 197 155 197 2 197 118 197 
4 82 40 82 70 82 -1 82 120 82 117 82 55 82 15 82 187 82 69 82 113 82 80 82 14 82 92 82 93 82 68 82 79 82 42 1 98 82 82 82 190 82 16 82 153 82 115 82 76 82 59 82 132 82 179 82 56 82 170 82 26 82 3 82 45 82 81 82 100 82 73 82 74 82 96 82 155 82 2 82 118 82 97 1 
82 1 
4 1 40 198 70 198 -1 198 120 198 117 198 55 198 15 198 187 198 69 198 113 198 80 198 14 198 92 198 93 198 68 198 79 198 42 198 98 198 82 198 190 198 16 198 153 198 115 198 76 198 59 198 132 198 179 198 56 198 170 198 26 198 3 198 45 198 81 198 100 198 73 198 74 198 96 198 155 198 2 198 118 198 
82 1 98 1 
4 199 40 199 70 199 -1 199 120 199 117 199 55 199 15 199 187 199 69 199 113 199 80 199 14 199 92 199 93 199 68 199 79 199 42 199 98 199 82 199 190 199 16 199 153 199 115 199 76 199 59 199 132 199 179 199 56 199 170 199 26 199 3 199 45 199 81 199 100 199 73 199 74 199 96 199 155 199 2 199 118 199 
2 200 155 200 96 200 74 200 73 200 100 200 81 200 45 200 3 200 26 200 170 200 56 200 179 200 132 200 59 200 76 200 115 200 153 200 16 200 190 200 82 200 98 200 79 200 68 200 93 200 92 200 14 200 80 200 113 200 69 200 187 200 15 200 55 200 117 200 120 200 -1 200 70 200 40 200 4 200 42 200 97 200 118 200 
2 201 155 201 96 201 74 201 73 201 100 201 81 201 45 201 3 201 26 201 170 201 56 201 179 201 132 201 59 201 76 201 115 201 153 201 16 201 190 201 82 201 98 201 42 201 79 201 68 201 93 201 92 201 14 201 80 201 113 201 69 201 187 201 15 201 55 201 117 201 120 201 -1 201 70 201 40 201 4 201 118 201 
98 1 82 1 
82 1 
4 202 40 202 70 202 -1 202 120 202 117 202 55 202 15 202 187 202 69 202 113 202 80 202 14 202 92 202 93 202 68 202 79 202 42 202 98 202 82 202 190 202 16 202 153 202 115 202 76 202 59 202 132 202 179 202 56 202 170 202 26 202 3 202 45 202 81 202 100 202 73 202 74 202 96 202 155 202 2 202 118 202 
40 203 70 203 -1 203 120 203 117 203 55 203 15 203 187 203 69 203 113 203 80 203 14 203 92 203 93 203 68 203 79 203 42 1 98 203 82 1 190 203 16 203 153 203 115 203 76 203 59 203 132 203 179 203 56 203 170 203 26 203 3 203 45 203 81 203 100 203 73 203 74 203 96 203 155 203 2 203 118 203 
82 1 42 1 
2 204 155 204 96 204 74 204 73 204 100 204 81 204 45 204 3 204 26 204 170 204 56 204 179 204 132 204 59 204 76 204 115 204 153 204 16 204 190 204 82 1 98 204 42 1 79 204 68 204 93 204 92 204 14 204 80 204 113 204 69 204 187 204 15 204 55 204 117 204 120 204 -1 204 70 204 40 204 118 204 
179 1 56 1 170 1 26 1 3 1 45 1 100 1 73 1 74 1 96 1 81 1 40 205 70 205 120 1 
179 206 56 206 170 206 26 206 3 206 45 206 81 206 100 206 73 206 74 206 96 206 120 206 70 206 40 206 
40 207 70 207 -1 207 120 207 117 207 55 207 15 207 187 207 69 207 113 207 80 207 14 207 92 207 93 207 68 207 79 207 42 1 98 207 82 1 190 207 16 207 153 207 115 207 76 207 59 207 132 207 179 207 56 207 170 207 26 207 3 207 45 207 81 207 100 207 73 207 74 207 96 207 155 207 2 207 118 207 
70 1 
179 0 56 0 170 0 26 0 3 0 45 0 81 0 100 0 73 0 74 0 96 0 120 0 40 0 
40 1 
120 208 96 208 74 208 73 208 100 208 81 208 45 208 3 208 26 208 170 208 56 208 179 208 70 208 40 208 2 208 155 208 132 208 59 208 76 208 115 208 153 208 16 208 190 208 82 208 98 208 42 208 79 208 68 208 93 208 92 208 14 208 80 208 113 208 69 208 187 208 15 208 55 208 117 208 -1 208 118 208 
4 1 40 209 70 209 -1 209 120 209 117 209 55 209 15 209 187 209 69 209 113 209 80 209 14 209 92 209 93 209 68 209 79 209 42 209 98 209 82 209 190 209 16 209 153 209 115 209 76 209 59 209 132 209 179 209 56 209 170 209 26 209 3 209 45 209 81 209 100 209 73 209 74 209 96 209 155 209 2 209 118 209 
179 1 56 1 170 1 26 1 3 1 45 1 100 1 73 1 74 1 96 1 81 1 40 210 70 210 120 1 
179 211 56 211 170 211 26 211 3 211 45 211 81 211 100 211 73 211 74 211 96 211 120 211 70 211 40 211 
42 1 98 1 79 1 68 1 93 1 92 1 14 1 80 1 113 1 69 1 187 1 15 1 55 1 76 1 115 1 153 1 16 1 190 1 82 1 
120 1 40 1 
67 1 106 1 5 1 17 1 120 143 40 143 
113 1 69 1 187 1 15 1 55 1 42 1 98 1 79 1 68 1 93 1 92 1 14 1 80 1 76 1 115 1 153 1 16 1 190 1 82 1 
179 212 56 212 170 212 26 212 3 212 45 212 81 212 100 212 73 212 74 212 96 212 155 212 2 212 132 212 59 212 76 212 115 212 153 212 16 212 190 212 82 212 98 212 42 212 79 212 68 212 93 212 92 212 14 212 80 212 113 212 69 212 187 212 15 212 55 212 117 212 120 212 67 212 106 212 5 212 17 212 40 212 39 212 97 212 37 212 18 212 118 212 160 212 77 212 -1 212 4 212 70 212 185 212 114 212 
67 1 106 1 5 1 17 1 120 167 40 167 
179 213 56 213 170 213 26 213 3 213 45 213 81 213 100 213 73 213 74 213 96 213 155 213 2 213 132 213 59 213 76 213 115 213 153 213 16 213 190 213 82 213 98 213 42 213 79 213 68 213 93 213 92 213 14 213 80 213 113 213 69 213 187 213 15 213 55 213 117 213 120 213 67 213 106 213 5 213 17 213 40 213 39 213 97 213 37 213 18 213 118 213 160 213 77 213 -1 213 4 213 70 213 185 213 114 213 
179 214 56 214 170 214 26 214 3 214 45 214 81 214 100 214 73 214 74 214 96 214 155 214 2 214 132 214 59 214 76 214 115 214 153 214 16 214 190 214 82 214 98 214 42 214 79 214 68 214 93 214 92 214 14 214 80 214 113 214 69 214 187 214 15 214 55 214 117 214 120 214 67 214 106 214 5 214 17 214 40 214 39 214 97 214 37 214 18 214 118 214 160 214 77 214 -1 214 4 214 70 214 185 214 114 214 
67 1 106 1 5 1 17 1 
174 1 79 1 92 1 82 1 
7 1 82 1 5 146 106 146 67 146 17 146 118 1 
-1 215 77 215 160 215 118 215 18 215 37 215 97 215 39 215 40 215 17 215 5 215 106 215 67 215 120 215 117 215 55 215 15 215 187 215 69 215 113 215 80 215 14 215 92 215 93 215 68 215 79 215 42 215 98 215 82 215 190 215 16 215 153 215 115 215 76 215 59 215 132 215 2 215 155 215 96 215 74 215 73 215 100 215 81 215 45 215 3 215 26 215 170 215 56 215 179 215 114 215 185 215 70 215 4 215 
-1 216 120 216 117 216 55 216 15 216 187 216 69 216 113 216 80 216 14 216 92 216 93 216 68 216 79 216 42 216 98 216 82 216 190 216 16 216 153 216 115 216 76 216 59 216 132 216 179 216 56 216 170 216 26 216 3 216 45 216 81 216 100 216 73 216 74 216 96 216 155 216 2 216 
92 124 186 124 118 124 17 124 42 124 82 124 0 124 40 124 120 124 179 124 170 124 41 124 26 124 45 124 155 124 81 124 100 124 71 124 73 124 74 124 123 124 4 124 -1 124 117 124 55 124 15 124 187 124 69 124 113 124 80 124 14 124 93 124 68 124 79 124 98 124 190 124 16 124 153 124 115 124 76 124 59 124 132 124 2 124 96 124 3 124 56 124 70 124 
4 1 -1 217 120 217 117 217 55 217 15 217 187 217 69 217 113 217 80 217 14 217 92 217 93 217 68 217 79 217 42 217 98 217 82 217 190 217 16 217 153 217 115 217 76 217 59 217 132 217 179 217 56 217 170 217 26 217 3 217 45 217 81 217 100 217 73 217 74 217 96 217 155 217 2 217 40 217 118 217 70 217 
42 1 17 1 0 1 
4 218 -1 218 120 218 117 218 55 218 15 218 187 218 69 218 113 218 80 218 14 218 92 218 93 218 68 218 79 218 42 218 98 218 82 218 190 218 16 218 153 218 115 218 76 218 59 218 132 218 179 218 56 218 170 218 26 218 3 218 45 218 81 218 100 218 73 218 74 218 96 218 155 218 2 218 40 218 118 218 70 218 
17 219 42 219 0 219 
82 220 124 220 
82 1 124 1 
82 221 124 221 
82 1 80 1 154 1 
17 222 0 222 118 222 40 222 4 222 -1 222 120 222 117 222 55 222 15 222 187 222 69 222 113 222 80 222 14 222 93 222 68 222 79 222 42 222 98 222 82 222 190 222 16 222 153 222 115 222 76 222 59 222 132 222 179 222 56 222 170 222 26 222 3 222 45 222 81 222 100 222 73 222 74 222 96 222 155 222 2 222 70 222 92 124 
120 223 179 223 56 223 170 223 26 223 3 223 45 223 81 223 100 223 73 223 74 223 96 223 155 223 2 223 40 223 
179 0 56 0 170 0 26 0 3 0 45 0 81 0 100 0 73 0 74 0 96 0 155 0 2 0 120 0 40 0 
92 224 
92 1 
4 225 -1 225 120 225 117 225 55 225 15 225 187 225 69 225 113 225 80 225 14 225 92 225 93 225 68 225 79 225 42 225 98 225 82 225 190 225 16 225 153 225 115 225 76 225 59 225 132 225 179 225 56 225 170 225 26 225 3 225 45 225 81 225 100 225 73 225 74 225 96 225 155 225 2 225 40 225 118 225 70 225 17 1 0 1 
179 0 56 0 170 0 26 0 3 0 45 0 81 0 100 0 73 0 74 0 96 0 155 0 2 0 120 0 70 0 
70 1 
155 1 2 1 179 1 56 1 170 1 26 1 3 1 45 1 100 1 73 1 74 1 96 1 81 1 40 226 118 226 70 226 120 1 
179 0 56 0 170 0 26 0 3 0 45 0 81 0 100 0 73 0 74 0 96 0 155 0 2 0 120 0 70 0 118 0 40 0 
179 0 56 0 170 0 26 0 3 0 45 0 81 0 100 0 73 0 74 0 96 0 155 0 2 0 120 0 70 0 118 0 40 0 
4 1 40 227 118 227 70 227 -1 227 120 227 117 227 55 227 15 227 187 227 69 227 113 227 80 227 14 227 92 227 93 227 68 227 79 227 42 227 98 227 82 227 190 227 16 227 153 227 115 227 76 227 59 227 132 227 179 227 56 227 170 227 26 227 3 227 45 227 81 227 100 227 73 227 74 227 96 227 155 227 2 227 
82 1 
4 228 40 228 118 228 70 228 -1 228 120 228 117 228 55 228 15 228 187 228 69 228 113 228 80 228 14 228 92 228 93 228 68 228 79 228 42 228 98 228 82 228 190 228 16 228 153 228 115 228 76 228 59 228 132 228 179 228 56 228 170 228 26 228 3 228 45 228 81 228 100 228 73 228 74 228 96 228 155 228 2 228 
155 1 2 1 179 1 56 1 170 1 26 1 3 1 45 1 100 1 73 1 74 1 96 1 81 1 40 229 118 229 70 229 120 1 
179 230 56 230 170 230 26 230 3 230 45 230 81 230 100 230 73 230 74 230 96 230 155 230 2 230 120 230 70 230 118 230 40 230 
70 1 
155 1 2 1 179 1 56 1 170 1 26 1 3 1 45 1 100 1 73 1 74 1 96 1 81 1 70 226 120 1 
2 16 155 16 179 16 56 16 170 16 26 16 3 16 45 16 81 16 100 16 73 16 74 16 96 16 120 16 70 16 
155 1 2 1 179 1 56 1 170 1 26 1 3 1 45 1 100 1 73 1 74 1 96 1 81 1 40 231 118 231 70 231 120 1 
179 232 56 232 170 232 26 232 3 232 45 232 81 232 100 232 73 232 74 232 96 232 155 232 2 232 120 232 70 232 118 232 40 232 
179 0 56 0 170 0 26 0 3 0 45 0 81 0 100 0 73 0 74 0 96 0 155 0 2 0 120 0 40 0 
40 1 
2 233 155 233 96 233 74 233 73 233 100 233 81 233 45 233 3 233 26 233 170 233 56 233 179 233 132 233 59 233 76 233 115 233 153 233 16 233 190 233 82 233 98 233 42 233 79 233 68 233 93 233 92 233 14 233 80 233 113 233 69 233 187 233 15 233 55 233 117 233 120 233 -1 233 70 233 118 233 40 233 
82 1 80 1 154 1 
17 1 0 1 40 1 
17 234 0 234 118 234 40 234 4 234 -1 234 120 234 117 234 55 234 15 234 187 234 69 234 113 234 80 234 14 234 92 234 93 234 68 234 79 234 42 234 98 234 82 234 190 234 16 234 153 234 115 234 76 234 59 234 132 234 179 234 56 234 170 234 26 234 3 234 45 234 81 234 100 234 73 234 74 234 96 234 155 234 2 234 70 234 
82 1 124 1 
120 235 179 235 170 235 41 235 26 235 45 235 155 235 81 235 100 235 71 235 73 235 74 235 123 235 40 235 
186 236 118 236 42 236 82 236 17 236 0 236 40 236 120 236 179 236 170 236 41 236 26 236 45 236 155 236 81 236 100 236 71 236 73 236 74 236 123 236 4 236 -1 236 117 236 55 236 15 236 187 236 69 236 113 236 80 236 14 236 92 236 93 236 68 236 79 236 98 236 190 236 16 236 153 236 115 236 76 236 59 236 132 236 2 236 96 236 3 236 56 236 70 236 
186 237 118 237 42 237 17 237 0 237 40 237 4 237 120 237 179 237 170 237 41 237 26 237 45 237 155 237 81 237 100 237 71 237 73 237 74 237 123 237 -1 237 117 237 55 237 15 237 187 237 69 237 113 237 80 237 14 237 92 237 93 237 68 237 79 237 98 237 82 237 190 237 16 237 153 237 115 237 76 237 59 237 132 237 2 237 96 237 3 237 56 237 70 237 
120 238 179 238 170 238 41 238 26 238 45 238 155 238 81 238 100 238 71 238 73 238 74 238 123 238 40 238 
186 1 17 239 0 239 40 239 4 239 -1 239 120 239 117 239 55 239 15 239 187 239 69 239 113 239 80 239 14 239 92 239 93 239 68 239 79 239 42 239 98 239 82 239 190 239 16 239 153 239 115 239 76 239 59 239 132 239 179 239 56 239 170 239 26 239 3 239 45 239 81 239 100 239 73 239 74 239 96 239 155 239 2 239 118 239 70 239 
170 1 
82 20 174 1 92 1 
82 1 
40 240 0 240 17 240 186 240 123 240 74 240 73 240 71 240 100 240 81 240 155 240 45 240 26 240 41 240 170 240 179 240 120 240 4 240 42 240 56 240 3 240 96 240 2 240 132 240 59 240 76 240 115 240 153 240 16 240 190 240 82 240 98 240 79 240 68 240 93 240 92 240 14 240 80 240 113 240 69 240 187 240 15 240 55 240 117 240 -1 240 118 240 70 240 
42 1 
174 1 79 1 92 1 82 1 
7 1 186 241 17 241 0 241 40 241 118 241 41 241 71 241 123 241 4 241 -1 241 120 241 117 241 55 241 15 241 187 241 69 241 113 241 80 241 14 241 92 241 93 241 68 241 79 241 42 241 98 241 82 1 190 241 16 241 153 241 115 241 76 241 59 241 132 241 2 241 155 241 96 241 74 241 73 241 100 241 81 241 45 241 3 241 26 241 170 241 56 241 179 241 70 241 
123 1 120 1 179 1 170 1 41 1 26 1 45 1 155 1 100 1 71 1 73 1 74 1 81 1 40 1 
82 20 174 1 92 1 
40 242 123 242 74 242 73 242 71 242 100 242 81 242 155 242 45 242 26 242 41 242 170 242 179 242 120 242 70 242 118 242 
120 238 179 238 170 238 41 238 26 238 45 238 155 238 81 238 100 238 71 238 73 238 74 238 123 238 70 238 
40 243 123 243 74 243 73 243 71 243 100 243 81 243 155 243 45 243 26 243 41 243 170 243 179 243 120 243 70 243 118 243 
186 244 118 244 42 244 17 244 0 244 40 244 120 244 179 244 170 244 41 244 26 244 45 244 155 244 81 244 100 244 71 244 73 244 74 244 123 244 4 244 -1 244 117 244 55 244 15 244 187 244 69 244 113 244 80 244 14 244 92 244 93 244 68 244 79 244 98 244 82 244 190 244 16 244 153 244 115 244 76 244 59 244 132 244 2 244 96 244 3 244 56 244 70 244 
76 1 82 1 42 1 
82 1 
82 1 170 1 
82 1 
82 20 174 1 92 1 
82 1 
82 20 174 1 92 1 
82 1 
124 1 82 1 
76 1 82 1 42 1 
120 245 179 245 170 245 41 245 26 245 45 245 155 245 81 245 100 245 71 245 73 245 74 245 123 245 40 245 118 245 70 245 82 1 42 1 
82 1 42 1 
40 246 123 246 74 246 73 246 71 246 100 246 81 246 155 246 45 246 26 246 41 246 170 246 179 246 120 246 70 246 118 246 82 1 42 1 
82 1 120 247 179 247 170 247 41 247 26 247 45 247 155 247 81 247 100 247 71 247 73 247 74 247 123 247 40 247 118 247 70 247 
82 248 186 237 120 248 179 248 170 248 41 248 26 248 45 248 155 248 81 248 100 248 71 248 73 248 74 248 123 248 40 248 118 248 70 248 
120 249 179 249 170 249 41 249 26 249 45 249 155 249 81 249 100 249 71 249 73 249 74 249 123 249 40 249 118 249 70 249 186 1 
40 250 123 250 74 250 73 250 71 250 100 250 81 250 155 250 45 250 26 250 41 250 170 250 179 250 120 250 82 250 70 250 118 250 
17 1 
4 251 120 251 179 251 170 251 41 251 26 251 45 251 155 251 81 251 100 251 71 251 73 251 74 251 123 251 40 251 118 251 70 251 
4 1 120 252 179 252 170 252 41 252 26 252 45 252 155 252 81 252 100 252 71 252 73 252 74 252 123 252 40 252 118 252 70 252 
82 1 
4 253 120 253 179 253 170 253 41 253 26 253 45 253 155 253 81 253 100 253 71 253 73 253 74 253 123 253 40 253 118 253 70 253 
82 1 124 1 
4 254 120 254 179 254 170 254 41 254 26 254 45 254 155 254 81 254 100 254 71 254 73 254 74 254 123 254 40 254 118 254 70 254 186 1 
4 255 120 255 179 255 170 255 41 255 26 255 45 255 155 255 81 255 100 255 71 255 73 255 74 255 123 255 40 255 118 255 70 255 
120 256 179 256 170 256 41 256 26 256 45 256 155 256 81 256 100 256 71 256 73 256 74 256 123 256 40 256 118 256 70 256 
82 1 26 1 
4 1 120 257 179 257 170 257 41 257 26 257 45 257 155 257 81 257 100 257 71 257 73 257 74 257 123 257 40 257 118 257 70 257 
82 20 174 1 92 1 
4 258 120 258 179 258 170 258 41 258 26 258 45 258 155 258 81 258 100 258 71 258 73 258 74 258 123 258 40 258 118 258 70 258 
82 1 
185 1 40 259 123 259 74 259 73 259 71 259 100 259 81 259 155 259 45 259 26 259 41 259 170 259 179 259 120 259 4 259 70 259 118 259 
185 82 40 82 123 82 74 82 73 82 71 82 100 82 81 82 155 82 45 82 26 82 41 82 170 82 179 82 120 82 4 82 70 82 118 82 97 1 
185 260 40 260 123 260 74 260 73 260 71 260 100 260 81 260 155 260 45 260 26 260 41 260 170 260 179 260 120 260 4 260 70 260 118 260 
4 261 120 261 179 261 170 261 41 261 26 261 45 261 155 261 81 261 100 261 71 261 73 261 74 261 123 261 40 261 185 261 118 261 70 261 
82 1 
185 262 40 262 123 262 74 262 73 262 71 262 100 262 81 262 155 262 45 262 26 262 41 262 170 262 179 262 120 262 4 262 70 262 118 262 
82 1 
120 263 179 263 170 263 41 263 26 263 45 263 155 263 81 263 100 263 71 263 73 263 74 263 123 263 40 263 118 263 70 263 
4 1 120 264 179 264 170 264 41 264 26 264 45 264 155 264 81 264 100 264 71 264 73 264 74 264 123 264 40 264 118 264 70 264 
17 95 
17 1 
174 1 79 1 92 1 82 1 
4 265 120 265 179 265 170 265 41 265 26 265 45 265 155 265 81 265 100 265 71 265 73 265 74 265 123 265 40 265 118 265 70 265 7 1 82 1 
82 1 
17 1 
174 1 79 1 92 1 82 1 
4 266 120 266 179 266 170 266 41 266 26 266 45 266 155 266 81 266 100 266 71 266 73 266 74 266 123 266 40 266 118 266 70 266 7 1 82 1 
82 1 
4 1 120 267 179 267 170 267 41 267 26 267 45 267 155 267 81 267 100 267 71 267 73 267 74 267 123 267 40 267 118 267 70 267 
4 268 120 268 179 268 170 268 41 268 26 268 45 268 155 268 81 268 100 268 71 268 73 268 74 268 123 268 40 268 70 268 118 268 
82 20 174 1 92 1 
4 269 120 269 179 269 170 269 41 269 26 269 45 269 155 269 81 269 100 269 71 269 73 269 74 269 123 269 40 269 118 269 70 269 
42 1 40 270 123 270 74 270 73 270 71 270 100 270 81 270 155 270 45 270 26 270 41 270 170 270 179 270 120 270 4 270 118 270 70 270 
174 1 79 1 92 1 82 1 
40 271 123 271 74 271 73 271 71 271 100 271 81 271 155 271 45 271 26 271 41 271 170 271 179 271 120 271 4 271 118 271 70 271 7 1 82 1 
120 272 179 272 170 272 41 272 26 272 45 272 155 272 81 272 100 272 71 272 73 272 74 272 123 272 40 272 118 272 70 272 82 1 
42 273 4 273 120 273 179 273 170 273 41 273 26 273 45 273 155 273 81 273 100 273 71 273 73 273 74 273 123 273 40 273 118 273 70 273 
82 1 
42 1 4 274 120 274 179 274 170 274 41 274 26 274 45 274 155 274 81 274 100 274 71 274 73 274 74 274 123 274 40 274 118 274 70 274 
4 1 120 275 179 275 170 275 41 275 26 275 45 275 155 275 81 275 100 275 71 275 73 275 74 275 123 275 40 275 118 275 70 275 
4 276 120 276 179 276 170 276 41 276 26 276 45 276 155 276 81 276 100 276 71 276 73 276 74 276 123 276 40 276 118 276 70 276 
42 1 
82 1 
42 277 4 277 120 277 179 277 170 277 41 277 26 277 45 277 155 277 81 277 100 277 71 277 73 277 74 277 123 277 40 277 118 277 70 277 
170 1 82 1 
4 278 120 278 179 278 170 278 41 278 26 278 45 278 155 278 81 278 100 278 71 278 73 278 74 278 123 278 40 278 118 278 70 278 
82 1 
42 279 4 279 120 279 179 279 170 279 41 279 26 279 45 279 155 279 81 279 100 279 71 279 73 279 74 279 123 279 40 279 118 279 70 279 
42 1 40 280 123 280 74 280 73 280 71 280 100 280 81 280 155 280 45 280 26 280 41 280 170 280 179 280 120 280 4 280 70 280 118 280 
42 1 
82 1 
42 281 40 281 123 281 74 281 73 281 71 281 100 281 81 281 155 281 45 281 26 281 41 281 170 281 179 281 120 281 4 281 70 281 118 281 
82 1 
42 282 40 282 123 282 74 282 73 282 71 282 100 282 81 282 155 282 45 282 26 282 41 282 170 282 179 282 120 282 4 282 70 282 118 282 
4 82 120 82 179 82 170 82 41 82 26 82 45 82 155 82 81 82 100 82 71 82 73 82 74 82 123 82 40 82 118 82 70 82 97 1 
4 283 120 283 179 283 170 283 41 283 26 283 45 283 155 283 81 283 100 283 71 283 73 283 74 283 123 283 40 283 118 283 70 283 
4 1 120 284 179 284 170 284 41 284 26 284 45 284 155 284 81 284 100 284 71 284 73 284 74 284 123 284 40 284 118 284 70 284 
82 1 
4 285 120 285 179 285 170 285 41 285 26 285 45 285 155 285 81 285 100 285 71 285 73 285 74 285 123 285 40 285 118 285 70 285 
40 286 123 286 74 286 73 286 71 286 100 286 81 286 155 286 45 286 26 286 41 286 170 286 179 286 120 286 4 286 70 286 118 286 
120 287 179 287 170 287 41 287 26 287 45 287 155 287 81 287 100 287 71 287 73 287 74 287 123 287 40 287 118 287 70 287 82 1 42 1 
82 1 42 1 
40 288 123 288 74 288 73 288 71 288 100 288 81 288 155 288 45 288 26 288 41 288 170 288 179 288 120 288 70 288 118 288 82 1 42 1 
70 1 123 1 120 1 179 1 170 1 41 1 26 1 45 1 155 1 100 1 71 1 73 1 74 1 81 1 
120 238 179 238 170 238 41 238 26 238 45 238 155 238 81 238 100 238 71 238 73 238 74 238 123 238 40 238 
40 1 123 1 120 1 179 1 170 1 41 1 26 1 45 1 155 1 100 1 71 1 73 1 74 1 81 1 
40 289 123 289 74 289 73 289 71 289 100 289 81 289 155 289 45 289 26 289 41 289 170 289 179 289 120 289 70 289 118 289 
4 1 70 290 120 290 179 290 170 290 41 290 26 290 45 290 155 290 81 290 100 290 71 290 73 290 74 290 123 290 40 290 118 290 
179 0 56 0 170 0 26 0 3 0 45 0 81 0 100 0 73 0 74 0 96 0 155 0 2 0 120 0 118 0 82 1 80 1 154 1 
118 1 
17 1 0 1 118 1 
2 291 155 291 96 291 74 291 73 291 100 291 81 291 45 291 3 291 26 291 170 291 56 291 179 291 132 291 59 291 76 291 115 291 153 291 16 291 190 291 82 291 98 291 42 291 79 291 68 291 93 291 92 291 14 291 80 291 113 291 69 291 187 291 15 291 55 291 117 291 120 291 -1 291 4 291 40 291 118 291 0 291 17 291 70 291 
40 1 
17 292 0 292 118 292 40 292 4 292 -1 292 120 292 117 292 55 292 15 292 187 292 69 292 113 292 80 292 14 292 92 292 93 292 68 292 79 292 42 292 98 292 82 292 190 292 16 292 153 292 115 292 76 292 59 292 132 292 179 292 56 292 170 292 26 292 3 292 45 292 81 292 100 292 73 292 74 292 96 292 155 292 2 292 70 292 
2 293 155 293 96 293 74 293 73 293 100 293 81 293 45 293 3 293 26 293 170 293 56 293 179 293 132 293 59 293 76 293 115 293 153 293 16 293 190 293 82 293 98 293 42 293 79 293 68 293 93 293 92 293 14 293 80 293 113 293 69 293 187 293 15 293 55 293 117 293 120 293 -1 293 4 293 40 293 118 293 0 293 17 293 70 293 
186 1 42 1 
82 1 80 1 154 1 
4 294 -1 294 120 294 117 294 55 294 15 294 187 294 69 294 113 294 80 294 14 294 92 294 93 294 68 294 79 294 42 294 98 294 82 294 190 294 16 294 153 294 115 294 76 294 59 294 132 294 179 294 56 294 170 294 26 294 3 294 45 294 81 294 100 294 73 294 74 294 96 294 155 294 2 294 40 294 118 294 70 294 17 1 0 1 
-1 295 120 295 117 295 55 295 15 295 187 295 69 295 113 295 80 295 14 295 92 295 93 295 68 295 79 295 42 295 98 295 82 295 190 295 16 295 153 295 115 295 76 295 59 295 132 295 2 295 155 295 96 295 74 295 73 295 100 295 81 295 45 295 3 295 26 295 170 295 56 295 179 295 
42 1 
4 1 -1 296 120 296 117 296 55 296 15 296 187 296 69 296 113 296 80 296 14 296 92 296 93 296 68 296 79 296 42 296 98 296 82 296 190 296 16 296 153 296 115 296 76 296 59 296 132 296 2 296 155 296 96 296 74 296 73 296 100 296 81 296 45 296 3 296 26 296 170 296 56 296 179 296 
170 1 82 1 
82 20 174 1 92 1 
42 1 
82 1 124 1 
4 297 -1 297 120 297 117 297 55 297 15 297 187 297 69 297 113 297 80 297 14 297 92 297 93 297 68 297 79 297 42 297 98 297 82 297 190 297 16 297 153 297 115 297 76 297 59 297 132 297 2 297 155 297 96 297 74 297 73 297 100 297 81 297 45 297 3 297 26 297 170 297 56 297 179 297 186 1 
179 298 56 298 170 298 26 298 3 298 45 298 81 298 100 298 73 298 74 298 96 298 155 298 2 298 132 298 59 298 76 298 115 298 153 298 16 298 190 298 82 298 98 298 42 298 79 298 68 298 93 298 92 298 14 298 80 298 113 298 69 298 187 298 15 298 55 298 117 298 120 298 -1 298 4 298 
82 1 124 1 
4 299 -1 299 120 299 117 299 55 299 15 299 187 299 69 299 113 299 80 299 14 299 92 299 93 299 68 299 79 299 42 299 98 299 82 299 190 299 16 299 153 299 115 299 76 299 59 299 132 299 2 299 155 299 96 299 74 299 73 299 100 299 81 299 45 299 3 299 26 299 170 299 56 299 179 299 186 1 
-1 300 120 300 117 300 55 300 15 300 187 300 69 300 113 300 80 300 14 300 92 300 93 300 68 300 79 300 42 300 98 300 82 300 190 300 16 300 153 300 115 300 76 300 59 300 132 300 2 300 155 300 96 300 74 300 73 300 100 300 81 300 45 300 3 300 26 300 170 300 56 300 179 300 
4 1 -1 301 120 301 117 301 55 301 15 301 187 301 69 301 113 301 80 301 14 301 92 301 93 301 68 301 79 301 42 301 98 301 82 301 190 301 16 301 153 301 115 301 76 301 59 301 132 301 2 301 155 301 96 301 74 301 73 301 100 301 81 301 45 301 3 301 26 301 170 301 56 301 179 301 
92 1 
42 1 17 1 0 1 
4 302 -1 302 120 302 117 302 55 302 15 302 187 302 69 302 113 302 80 302 14 302 92 302 93 302 68 302 79 302 42 302 98 302 82 302 190 302 16 302 153 302 115 302 76 302 59 302 132 302 2 302 155 302 96 302 74 302 73 302 100 302 81 302 45 302 3 302 26 302 170 302 56 302 179 302 
92 303 
42 1 17 1 0 1 
82 1 124 1 
82 1 80 1 154 1 
4 304 -1 304 120 304 117 304 55 304 15 304 187 304 69 304 113 304 80 304 14 304 92 304 93 304 68 304 79 304 42 304 98 304 82 304 190 304 16 304 153 304 115 304 76 304 59 304 132 304 2 304 155 304 96 304 74 304 73 304 100 304 81 304 45 304 3 304 26 304 170 304 56 304 179 304 17 1 0 1 
42 1 186 1 
82 1 80 1 154 1 
4 305 -1 305 120 305 117 305 55 305 15 305 187 305 69 305 113 305 80 305 14 305 92 305 93 305 68 305 79 305 42 305 98 305 82 305 190 305 16 305 153 305 115 305 76 305 59 305 132 305 2 305 155 305 96 305 74 305 73 305 100 305 81 305 45 305 3 305 26 305 170 305 56 305 179 305 17 1 0 1 
82 1 124 1 
82 1 80 1 154 1 
4 306 -1 306 120 306 117 306 55 306 15 306 187 306 69 306 113 306 80 306 14 306 92 306 93 306 68 306 79 306 42 306 98 306 82 306 190 306 16 306 153 306 115 306 76 306 59 306 132 306 2 306 155 306 96 306 74 306 73 306 100 306 81 306 45 306 3 306 26 306 170 306 56 306 179 306 17 1 0 1 
42 1 186 1 
82 1 80 1 154 1 
4 307 -1 307 120 307 117 307 55 307 15 307 187 307 69 307 113 307 80 307 14 307 92 307 93 307 68 307 79 307 42 307 98 307 82 307 190 307 16 307 153 307 115 307 76 307 59 307 132 307 2 307 155 307 96 307 74 307 73 307 100 307 81 307 45 307 3 307 26 307 170 307 56 307 179 307 17 1 0 1 
120 238 179 238 170 238 41 238 26 238 45 238 155 238 81 238 100 238 71 238 73 238 74 238 123 238 118 238 82 1 
17 1 
118 1 123 1 120 1 179 1 170 1 41 1 26 1 45 1 155 1 100 1 71 1 73 1 74 1 81 1 
17 308 0 308 42 308 
82 1 124 1 
118 1 186 1 
17 309 0 309 42 309 
82 1 
4 310 -1 310 120 310 117 310 55 310 15 310 187 310 69 310 113 310 80 310 14 310 92 310 93 310 68 310 79 310 42 310 98 310 82 310 190 310 16 310 153 310 115 310 76 310 59 310 132 310 2 310 155 310 96 310 74 310 73 310 100 310 81 310 45 310 3 310 26 310 170 310 56 310 179 310 
-1 311 42 1 98 1 79 1 68 1 93 1 92 1 14 1 80 1 113 1 69 1 187 1 15 1 55 1 179 1 56 1 170 1 26 1 3 1 45 1 100 1 73 1 74 1 96 1 81 1 76 1 115 1 153 1 16 1 190 1 82 1 155 1 2 1 132 1 59 1 117 1 120 1 
-1 312 
-1 313 120 313 117 313 55 313 15 313 187 313 69 313 113 313 80 313 14 313 92 313 93 313 68 313 79 313 42 313 98 313 82 313 190 313 16 313 153 313 115 313 76 313 59 313 132 313 2 313 155 313 96 313 74 313 73 313 100 313 81 313 45 313 3 313 26 313 170 313 56 313 179 313 
-1 314 
-1 315 120 315 117 315 55 315 15 315 187 315 69 315 113 315 80 315 14 315 92 315 93 315 68 315 79 315 42 315 98 315 82 315 190 315 16 315 153 315 115 315 76 315 59 315 132 315 179 315 56 315 170 315 26 315 3 315 45 315 81 315 100 315 73 315 74 315 96 315 155 315 2 315 
