161 56 93 55 148 54 60 53 190 52 72 51 98 50 55 49 68 48 128 47 42 46 117 45 179 44 59 43 115 42 112 41 187 40 170 39 96 38 127 37 113 36 140 35 155 34 132 33 15 32 162 31 26 30 74 29 9 28 45 27 100 26 3 25 79 24 56 23 49 22 102 21 119 20 92 19 73 18 2 17 35 16 69 15 81 14 141 13 147 12 61 11 36 10 14 9 6 8 153 7 76 6 82 5 91 4 146 3 16 2 80 1 


81 14 74 29 2 17 3 25 155 34 26 30 179 44 56 23 100 26 45 27 146 581 73 18 96 38 141 13 35 16 170 39 




68 48 14 9 102 21 140 35 42 46 98 50 76 6 119 20 92 19 115 42 91 4 16 2 93 55 79 24 190 52 153 7 80 1 82 5 9 236 
51 64 68 48 14 9 102 21 140 35 42 46 69 15 98 50 113 36 76 6 6 8 187 40 49 63 119 20 50 62 92 19 115 42 15 32 91 4 72 51 16 2 93 55 79 24 55 49 190 52 153 7 80 1 82 5 9 28 
161 56 93 55 148 54 60 53 190 52 72 51 98 50 55 49 68 48 128 47 42 46 117 45 179 44 59 43 115 42 112 580 187 40 170 39 96 38 127 37 113 36 140 35 155 34 132 33 15 32 162 31 26 30 74 29 9 28 45 27 100 26 3 25 79 24 56 23 49 22 102 21 119 20 92 19 73 18 120 70 2 17 35 16 69 15 81 14 141 13 147 12 61 11 36 10 14 9 6 8 153 7 76 6 82 5 91 4 146 3 16 2 80 1 
60 579 59 43 

36 410 33 364 144 409 

68 48 14 9 102 21 140 35 42 46 69 15 98 50 113 36 76 6 6 8 187 40 49 233 119 20 92 19 115 42 15 32 91 4 72 51 16 2 93 55 79 24 55 49 190 52 153 7 80 1 82 5 9 28 

158 388 143 387 152 386 142 385 82 384 
157 77 42 76 76 359 159 358 82 73 
51 241 68 48 14 9 102 21 140 35 42 46 69 15 98 50 113 36 76 6 6 8 187 40 49 240 119 20 54 239 118 238 92 19 115 42 15 32 91 4 72 51 16 2 93 55 79 24 55 49 190 52 153 7 80 1 82 5 9 28 53 237 


5 248 17 247 67 246 106 244 
13 301 14 179 102 184 11 300 98 178 76 6 105 299 119 176 66 298 65 297 184 175 177 296 92 295 115 42 91 4 178 170 16 2 64 294 79 169 190 52 153 7 10 293 82 165 174 80 
76 61 114 268 78 267 52 266 82 59 
1 87 92 86 177 85 27 84 25 83 176 82 28 81 174 80 
83 343 82 342 
43 350 98 349 101 348 46 347 82 346 44 345 

157 77 42 76 76 75 159 74 82 73 
92 86 177 85 27 160 25 159 176 82 31 158 28 81 174 80 
36 577 
68 48 14 9 102 21 140 35 42 46 69 15 98 50 113 36 76 6 6 8 187 40 49 259 119 20 92 19 115 42 15 32 91 4 72 51 16 2 93 55 79 24 55 49 190 52 153 7 80 1 82 5 9 28 
125 540 130 539 158 422 82 384 
158 388 143 387 152 386 142 404 82 384 
36 68 33 67 
68 48 14 9 102 21 140 35 42 46 69 15 98 50 113 36 76 6 6 8 187 40 49 235 119 20 92 19 115 42 15 32 91 4 72 51 16 2 93 55 79 24 55 49 190 52 153 7 80 1 82 5 9 28 

157 77 42 76 159 363 82 73 
167 92 92 86 177 85 176 91 166 368 174 80 
68 48 14 9 102 21 140 35 42 46 69 15 98 50 113 36 76 6 6 8 187 40 49 243 119 20 92 19 115 42 15 32 91 4 72 51 16 2 93 55 79 24 55 49 190 52 153 7 80 1 82 5 9 28 


138 555 62 554 158 396 58 553 139 552 63 551 57 550 82 384 
102 180 14 179 98 178 76 6 105 177 119 176 184 175 116 174 177 173 92 172 115 42 91 4 107 171 178 170 16 2 79 169 190 52 181 168 153 7 10 167 180 166 82 165 174 80 
153 549 

132 33 127 538 
76 61 78 60 82 59 
102 180 14 179 98 178 76 6 105 177 119 176 94 271 184 175 95 252 92 182 115 42 91 4 107 251 178 170 16 2 79 169 190 52 153 7 10 167 82 165 
42 234 91 188 82 5 
75 264 42 263 183 262 82 201 


81 14 74 29 2 17 3 25 155 34 26 30 179 44 56 23 100 26 45 27 146 383 73 18 96 38 141 13 35 16 170 39 
68 48 14 9 102 21 140 35 42 46 69 15 98 50 113 36 76 6 6 8 187 40 49 58 119 20 92 19 115 42 15 32 91 4 72 51 16 2 93 55 79 24 55 49 190 52 153 7 80 1 170 57 82 5 9 28 

68 48 14 9 102 21 140 35 42 46 69 15 98 50 113 36 76 6 6 8 187 40 49 379 119 20 92 19 115 42 15 32 91 4 72 51 16 2 93 55 79 24 55 49 190 52 153 7 80 1 82 5 9 28 
5 248 17 247 118 378 67 246 106 244 



77 377 
5 248 17 247 67 246 18 278 106 244 
18 65 
68 48 14 9 102 21 140 35 42 46 69 15 98 50 113 36 76 6 6 8 187 40 49 66 119 20 92 19 115 42 15 32 91 4 72 51 16 2 93 55 79 24 55 49 190 52 153 7 80 1 82 5 9 28 
5 248 17 247 67 246 106 244 
70 371 
81 14 74 29 3 25 26 30 179 44 56 23 100 26 45 27 73 18 34 72 96 38 141 71 120 70 35 69 170 39 
36 369 

36 68 33 364 
36 361 

157 79 42 76 82 73 
157 77 42 76 159 78 82 73 


157 79 42 76 82 73 



164 156 82 98 
98 149 19 148 20 147 21 146 99 145 82 144 
4 142 

175 94 174 93 
189 89 188 88 
36 68 33 140 
167 92 92 86 177 85 176 91 166 90 174 80 
4 136 188 135 
164 99 82 98 


118 96 18 95 
174 97 



42 100 
172 108 163 107 87 106 173 105 92 104 79 103 82 102 174 101 


76 61 114 127 78 126 171 125 82 59 
172 108 163 120 165 119 87 106 173 105 92 104 79 103 82 102 174 101 
136 117 82 116 

87 113 136 112 7 111 82 110 
87 109 82 102 


172 108 163 115 87 106 173 105 92 104 79 103 82 102 174 101 
172 108 163 114 87 106 173 105 92 104 79 103 82 102 174 101 

87 113 136 112 7 111 82 110 
87 113 136 112 7 111 82 110 

172 108 163 118 87 106 173 105 92 104 79 103 82 102 174 101 
87 113 136 112 7 111 82 110 
18 122 
87 113 118 121 136 112 7 111 82 110 

172 108 163 123 87 106 173 105 92 104 79 103 82 102 174 101 
87 113 118 124 136 112 7 111 82 110 

114 131 18 130 
17 128 

172 108 163 129 87 106 173 105 92 104 79 103 82 102 174 101 
87 113 136 112 7 111 82 110 
76 61 78 132 82 59 

17 133 
172 108 163 134 87 106 173 105 92 104 79 103 82 102 174 101 
87 113 136 112 7 111 82 110 
36 68 33 138 
167 137 92 86 177 85 176 91 174 80 

40 139 

40 141 

92 86 177 85 25 83 176 82 28 143 174 80 


103 154 97 153 


185 151 
21 150 82 144 

98 149 20 152 21 146 99 145 82 144 

172 108 163 155 87 106 173 105 92 104 79 103 82 102 174 101 

87 113 136 112 7 111 82 110 
42 157 


26 163 98 149 19 148 20 147 21 146 99 145 82 144 
4 142 189 161 
167 92 92 86 177 85 176 91 166 162 174 80 
4 136 
87 164 82 102 


4 288 


76 61 114 214 38 213 158 212 78 211 109 210 110 209 82 208 

42 231 17 205 183 204 82 201 
102 180 14 179 108 199 98 178 76 6 105 177 175 94 119 176 118 198 184 175 92 182 115 42 91 4 107 197 178 170 16 2 79 169 190 52 153 7 10 167 82 165 174 93 
102 180 14 179 98 178 76 6 105 177 119 176 184 175 116 174 92 182 115 42 91 4 107 171 178 170 16 2 79 169 190 52 181 168 153 7 10 167 180 292 82 165 
102 180 14 179 98 178 76 6 105 177 119 176 184 175 116 174 92 182 115 42 91 4 107 171 178 170 16 2 79 169 190 52 181 168 153 7 10 167 180 230 82 165 


14 179 102 184 98 178 76 6 105 183 17 195 119 176 184 175 92 182 115 42 91 4 178 170 16 2 104 194 79 169 190 52 10 193 153 7 82 165 
184 189 91 188 82 165 
14 179 102 180 98 178 108 187 76 6 105 177 119 176 184 175 92 182 115 42 91 4 107 186 178 170 77 185 16 2 79 169 190 52 153 7 10 167 82 165 
14 179 102 184 98 178 76 6 105 183 119 176 184 175 92 182 115 42 91 4 178 170 16 2 79 169 190 52 10 181 153 7 82 165 

102 180 14 179 108 199 98 178 76 6 105 177 119 176 118 198 184 175 92 182 115 42 91 4 107 197 178 170 16 2 79 169 190 52 153 7 10 167 82 165 



17 205 183 204 18 202 77 229 82 201 
18 191 77 190 



14 179 102 180 98 178 76 6 105 177 119 176 184 175 92 182 115 42 91 4 107 192 178 170 16 2 79 169 190 52 153 7 10 167 82 165 
17 205 183 204 82 201 

8 227 
172 108 163 196 87 106 173 105 92 104 79 103 82 102 174 101 
87 113 136 112 7 111 82 110 
17 205 183 204 118 203 18 202 82 201 

118 200 18 191 


14 179 102 180 98 178 76 6 105 177 119 176 184 175 92 182 115 42 91 4 107 226 178 170 16 2 79 169 190 52 153 7 10 167 82 165 

14 179 102 180 98 178 76 6 105 177 119 176 184 175 92 182 115 42 91 4 107 207 178 170 16 2 79 169 190 52 153 7 10 167 82 165 
172 108 163 206 87 106 173 105 92 104 79 103 82 102 174 101 
87 113 136 112 7 111 82 110 
17 205 183 204 82 201 


114 222 18 221 
42 219 
17 195 104 216 
114 215 


8 217 
14 179 102 180 98 178 76 6 105 177 119 176 184 175 92 182 115 42 91 4 107 218 178 170 16 2 79 169 190 52 153 7 10 167 82 165 
17 205 183 204 82 201 
14 179 102 180 98 178 76 6 105 177 119 176 184 175 92 182 115 42 91 4 107 220 178 170 16 2 79 169 190 52 153 7 10 167 82 165 
17 205 183 204 82 201 
76 61 38 224 158 212 78 211 110 223 82 208 


114 225 

17 205 183 204 82 201 
14 179 102 180 98 178 76 6 105 177 119 176 184 175 92 182 115 42 91 4 107 228 178 170 16 2 79 169 190 52 153 7 10 167 82 165 
17 205 183 204 82 201 

4 288 
68 48 14 9 102 21 140 35 42 46 69 15 98 50 113 36 76 6 6 8 187 40 49 232 119 20 92 19 115 42 15 32 91 4 72 51 16 2 93 55 79 24 55 49 190 52 153 7 80 1 82 5 9 28 
5 248 17 247 67 246 106 244 
5 248 17 247 160 284 67 246 106 244 

5 248 17 247 67 246 106 244 

120 282 

118 281 
5 248 17 247 118 279 67 246 18 278 106 244 
118 242 18 65 

5 248 17 247 67 246 37 245 106 244 
68 48 14 9 102 21 140 35 42 46 69 15 98 50 113 36 76 6 6 8 187 40 49 258 119 20 92 19 115 42 15 32 91 4 72 51 16 2 93 55 79 24 55 49 190 52 153 7 80 1 82 5 9 28 
68 48 14 9 102 21 140 35 42 46 69 15 98 50 113 36 76 6 6 8 187 40 49 277 119 20 92 19 115 42 15 32 91 4 72 51 16 2 93 55 79 24 55 49 190 52 153 7 80 1 82 5 9 28 
102 180 14 179 98 178 76 6 105 177 119 176 94 253 184 175 95 252 92 182 115 42 91 4 107 251 178 170 16 2 79 169 190 52 153 7 10 167 82 165 
172 108 163 250 87 106 173 105 92 104 79 103 82 102 174 101 
68 48 14 9 102 21 140 35 42 46 69 15 98 50 113 36 76 6 6 8 187 40 49 249 119 20 92 19 115 42 15 32 91 4 72 51 16 2 93 55 79 24 55 49 190 52 153 7 80 1 82 5 9 28 
5 248 17 247 67 246 106 244 
87 113 136 112 7 111 82 110 
17 205 24 256 183 204 82 201 

185 254 
102 180 14 179 98 178 76 6 105 177 119 176 95 255 184 175 92 182 115 42 91 4 107 251 178 170 16 2 79 169 190 52 153 7 10 167 82 165 

68 48 14 9 102 21 140 35 42 46 69 15 98 50 113 36 76 6 6 8 187 40 49 257 119 20 92 19 115 42 15 32 91 4 72 51 16 2 93 55 79 24 55 49 190 52 153 7 80 1 82 5 9 28 
5 248 17 247 67 246 106 244 
5 248 17 247 67 246 106 244 
5 248 17 247 67 246 97 260 106 244 
102 180 14 179 98 178 76 6 105 177 119 176 94 261 184 175 95 252 92 182 115 42 91 4 107 251 178 170 16 2 79 169 190 52 153 7 10 167 82 165 
185 254 


68 48 14 9 102 21 140 35 42 46 98 50 76 6 6 8 119 20 92 19 115 42 91 4 72 265 16 2 93 55 79 24 190 52 153 7 80 1 82 5 9 28 
75 264 42 263 183 262 82 201 
114 273 18 272 
42 269 

68 48 14 9 102 21 140 35 42 46 69 15 98 50 113 36 76 6 6 8 187 40 49 270 119 20 92 19 115 42 15 32 91 4 72 51 16 2 93 55 79 24 55 49 190 52 153 7 80 1 82 5 9 28 
5 248 17 247 67 246 106 244 
185 254 
76 61 78 274 82 59 

42 275 
68 48 14 9 102 21 140 35 42 46 69 15 98 50 113 36 76 6 6 8 187 40 49 276 119 20 92 19 115 42 15 32 91 4 72 51 16 2 93 55 79 24 55 49 190 52 153 7 80 1 82 5 9 28 
5 248 17 247 67 246 106 244 
5 248 17 247 67 246 106 244 
68 48 14 9 102 21 140 35 42 46 69 15 98 50 113 36 76 6 6 8 187 40 49 280 119 20 92 19 115 42 15 32 91 4 72 51 16 2 93 55 79 24 55 49 190 52 153 7 80 1 82 5 9 28 

5 248 17 247 67 246 106 244 

68 48 14 9 102 21 140 35 42 46 69 15 98 50 113 36 76 6 6 8 187 40 49 283 119 20 92 19 115 42 15 32 91 4 72 51 16 2 93 55 79 24 55 49 190 52 153 7 80 1 82 5 9 28 
5 248 17 247 67 246 106 244 
68 48 14 9 102 21 140 35 42 46 69 15 98 50 113 36 76 6 6 8 187 40 49 285 119 20 92 19 115 42 15 32 91 4 72 51 16 2 93 55 79 24 55 49 190 52 153 7 80 1 82 5 9 28 
5 248 17 247 67 246 39 286 106 244 
68 48 14 9 102 21 140 35 42 46 69 15 98 50 113 36 76 6 6 8 187 40 49 287 119 20 92 19 115 42 15 32 91 4 72 51 16 2 93 55 79 24 55 49 190 52 153 7 80 1 82 5 9 28 
5 248 17 247 67 246 106 244 
102 180 14 179 98 178 76 6 105 177 119 176 184 175 116 290 92 182 115 42 91 4 107 171 178 170 16 2 79 169 181 289 190 52 153 7 10 167 82 165 

102 180 14 179 98 178 76 6 105 177 119 176 184 175 116 174 92 182 115 42 91 4 107 171 178 170 16 2 79 169 190 52 181 168 153 7 10 167 180 291 82 165 
4 288 
4 288 


102 180 14 179 108 199 98 178 76 6 105 177 175 94 119 176 118 198 184 175 92 182 115 42 91 4 107 197 178 170 16 2 79 169 190 52 153 7 10 334 82 165 174 93 
13 301 14 179 102 184 11 300 98 178 76 6 105 299 119 176 66 298 65 341 184 175 92 333 115 42 91 4 178 170 16 2 64 294 79 169 190 52 153 7 10 293 82 165 
4 339 
185 331 
14 179 102 184 98 178 76 6 105 183 12 327 119 176 184 175 92 182 115 42 91 4 178 170 16 2 79 169 190 52 153 7 10 302 82 165 
14 179 102 184 98 178 76 6 105 183 12 312 119 176 184 311 92 182 115 42 91 4 178 170 16 2 79 169 190 52 153 7 10 302 82 165 
14 179 102 184 98 178 76 6 17 195 105 183 12 304 119 176 184 175 92 182 115 42 91 4 178 170 104 303 16 2 79 169 190 52 153 7 10 302 82 165 

42 309 
14 179 102 184 98 178 76 6 17 195 105 183 119 176 184 175 92 182 115 42 91 4 178 170 104 306 16 2 79 169 190 52 10 305 153 7 82 165 

42 307 
68 48 14 9 102 21 140 35 42 46 69 15 98 50 113 36 76 6 6 8 187 40 49 308 119 20 92 19 115 42 15 32 91 4 72 51 16 2 93 55 79 24 55 49 190 52 153 7 80 1 82 5 9 28 
5 248 17 247 67 246 106 244 
68 48 14 9 102 21 140 35 42 46 69 15 98 50 113 36 76 6 6 8 187 40 49 310 119 20 92 19 115 42 15 32 91 4 72 51 16 2 93 55 79 24 55 49 190 52 153 7 80 1 82 5 9 28 
5 248 17 247 67 246 106 244 
14 179 102 184 98 178 76 6 105 183 17 195 119 176 184 175 92 182 115 42 91 4 178 170 16 2 104 317 79 169 190 52 10 316 153 7 82 165 
14 179 102 184 98 178 76 6 17 195 105 183 119 176 184 175 92 182 115 42 91 4 178 170 104 313 16 2 79 169 190 52 10 305 153 7 82 165 
42 314 
68 48 14 9 102 21 140 35 42 46 69 15 98 50 113 36 76 6 6 8 187 40 49 315 119 20 92 19 115 42 15 32 91 4 72 51 16 2 93 55 79 24 55 49 190 52 153 7 80 1 82 5 9 28 
5 248 17 247 67 246 106 244 
14 179 102 184 98 178 76 6 17 195 105 183 12 321 119 176 184 175 92 182 115 42 91 4 178 170 104 320 16 2 79 169 190 52 153 7 10 302 82 165 
42 318 
68 48 14 9 102 21 140 35 42 46 69 15 98 50 113 36 76 6 6 8 187 40 49 319 119 20 92 19 115 42 15 32 91 4 72 51 16 2 93 55 79 24 55 49 190 52 153 7 80 1 82 5 9 28 
5 248 17 247 67 246 106 244 
42 325 
14 179 102 184 98 178 76 6 17 195 105 183 119 176 184 175 92 182 115 42 91 4 178 170 104 322 16 2 79 169 190 52 10 305 153 7 82 165 
42 323 
68 48 14 9 102 21 140 35 42 46 69 15 98 50 113 36 76 6 6 8 187 40 49 324 119 20 92 19 115 42 15 32 91 4 72 51 16 2 93 55 79 24 55 49 190 52 153 7 80 1 82 5 9 28 
5 248 17 247 67 246 106 244 
68 48 14 9 102 21 140 35 42 46 69 15 98 50 113 36 76 6 6 8 187 40 49 326 119 20 92 19 115 42 15 32 91 4 72 51 16 2 93 55 79 24 55 49 190 52 153 7 80 1 82 5 9 28 
5 248 17 247 67 246 106 244 
14 179 102 184 98 178 76 6 17 195 105 183 119 176 184 175 92 182 115 42 91 4 178 170 104 328 16 2 79 169 190 52 10 305 153 7 82 165 
42 329 
68 48 14 9 102 21 140 35 42 46 69 15 98 50 113 36 76 6 6 8 187 40 49 330 119 20 92 19 115 42 15 32 91 4 72 51 16 2 93 55 79 24 55 49 190 52 153 7 80 1 82 5 9 28 
5 248 17 247 67 246 106 244 
13 301 14 179 102 184 11 300 98 178 76 6 105 299 119 176 184 175 92 333 115 42 91 4 178 170 16 2 64 332 79 169 190 52 153 7 10 293 82 165 

102 180 14 179 108 199 98 178 76 6 105 177 119 176 118 198 184 175 92 182 115 42 91 4 107 197 178 170 16 2 79 169 190 52 153 7 10 334 82 165 
111 336 82 335 

14 179 102 184 98 178 76 6 105 183 119 176 184 175 92 182 115 42 91 4 178 170 16 2 79 169 190 52 10 337 153 7 82 165 
118 338 

13 301 14 179 102 184 11 300 98 178 76 6 105 299 119 176 66 340 184 175 92 333 115 42 91 4 178 170 16 2 64 294 79 169 190 52 153 7 10 293 82 165 
185 331 
4 339 

82 344 




42 355 103 354 97 153 
46 353 82 346 
4 351 
98 349 101 348 46 347 44 352 82 346 



102 357 98 356 91 4 82 5 
91 188 82 5 

157 79 42 76 82 73 
157 77 42 76 159 360 82 73 
157 79 42 76 82 73 
81 14 74 29 3 25 26 30 179 44 56 23 100 26 45 27 73 18 96 38 141 71 120 70 35 362 170 39 

157 79 42 76 82 73 
70 365 
36 68 33 366 
40 367 

4 136 
81 14 74 29 3 25 26 30 179 44 56 23 100 26 45 27 73 18 96 38 141 71 120 70 35 370 170 39 

68 48 14 9 102 21 140 35 42 46 69 15 98 50 113 36 76 6 6 8 187 40 49 373 119 20 92 19 115 42 15 32 91 4 72 51 16 2 93 55 79 24 55 49 190 52 153 7 80 1 82 5 53 372 9 28 
40 375 120 374 
5 248 17 247 67 246 106 244 
68 48 14 9 102 21 140 35 42 46 69 15 98 50 113 36 76 6 6 8 187 40 49 376 119 20 92 19 115 42 15 32 91 4 72 51 16 2 93 55 79 24 55 49 190 52 153 7 80 1 82 5 9 28 

5 248 17 247 67 246 106 244 


5 248 17 380 67 246 106 244 
172 108 163 381 87 106 173 105 92 104 79 103 82 102 174 101 
87 113 118 382 136 112 7 111 82 110 



4 405 
42 392 17 391 126 390 0 389 



129 535 133 424 130 423 158 422 124 421 82 384 

140 399 151 398 62 397 158 396 156 395 154 394 80 1 82 393 


36 401 144 532 

92 528 
17 391 126 420 0 389 
36 401 144 400 
70 417 
81 14 74 29 2 17 3 25 155 34 26 30 179 44 145 403 56 23 100 26 45 27 146 402 73 18 96 38 141 13 120 70 35 16 170 39 
36 412 
36 407 
4 405 
158 388 143 406 152 386 82 384 

81 14 74 29 2 17 3 25 155 34 26 30 179 44 56 23 100 26 45 27 146 408 73 18 96 38 141 13 120 70 35 16 170 39 

70 414 
81 14 74 29 2 17 3 25 155 34 26 30 179 44 145 403 56 23 100 26 45 27 73 18 146 402 34 72 96 38 141 13 120 70 35 411 170 39 
36 369 
81 14 74 29 2 17 3 25 155 34 26 30 179 44 56 23 100 26 45 27 146 413 73 18 96 38 141 13 120 70 35 16 170 39 

36 401 144 415 
40 416 

140 399 151 418 62 397 158 396 156 395 154 394 80 1 82 393 
17 391 126 420 0 389 40 419 

129 425 133 424 130 423 158 422 124 421 82 384 



134 433 
186 426 
170 427 
92 86 177 85 90 429 176 428 174 80 
87 430 82 102 

42 431 
172 108 163 432 87 106 173 105 92 104 79 103 82 102 174 101 
87 113 136 112 7 111 82 110 
81 14 74 448 71 447 155 446 26 445 179 444 41 443 100 442 123 441 45 440 73 439 40 438 135 437 141 436 120 435 170 434 
92 86 177 85 169 489 168 527 176 487 174 80 

134 523 


157 77 42 76 76 521 159 520 82 73 
47 516 48 515 46 514 82 346 
84 501 122 500 121 499 85 498 170 497 82 496 
83 495 82 342 
92 86 177 85 169 489 168 488 176 487 174 80 
184 480 82 479 182 478 
29 466 92 86 177 85 25 465 176 82 32 464 30 463 174 80 
149 458 158 388 150 457 152 456 82 384 
129 454 133 424 130 453 131 452 158 422 124 421 82 384 
157 77 42 76 76 450 159 449 82 73 
157 79 42 76 82 73 
157 77 42 76 159 451 82 73 
157 79 42 76 82 73 
130 455 158 422 82 384 

186 426 

17 461 

4 459 
158 388 150 460 152 456 82 384 

129 462 133 424 130 423 158 422 124 421 82 384 
186 426 


26 476 23 472 21 471 22 470 82 144 
4 467 
92 86 177 85 25 469 176 82 30 468 174 80 

23 472 21 471 22 470 82 144 
185 474 
103 473 97 153 


23 475 21 471 82 144 

87 477 82 102 

4 483 

17 481 
172 108 163 482 87 106 173 105 92 104 79 103 82 102 174 101 
87 113 136 112 7 111 82 110 
184 484 82 479 
17 485 
172 108 163 486 87 106 173 105 92 104 79 103 82 102 174 101 
87 113 136 112 7 111 82 110 
164 492 82 98 
4 490 

92 86 177 85 169 491 176 487 174 80 

42 493 
172 108 163 494 87 106 173 105 92 104 79 103 82 102 174 101 
87 113 136 112 7 111 82 110 
82 344 

87 509 88 508 82 102 
42 506 
4 504 

42 502 
84 503 82 496 

84 501 122 505 85 498 170 497 82 496 

84 507 82 496 

42 512 
42 510 
87 511 82 102 

87 513 82 102 

103 519 97 153 

4 517 
48 518 46 514 82 346 


157 79 42 76 82 73 
157 77 42 76 159 522 82 73 
157 79 42 76 82 73 
81 14 74 448 71 447 155 446 26 445 179 444 41 443 100 442 123 441 45 440 73 439 135 437 141 436 70 524 120 435 170 434 
134 525 
81 14 74 448 71 447 155 446 26 445 179 444 41 443 100 442 123 441 45 440 73 439 40 526 135 437 141 436 120 435 170 434 

4 490 
140 399 151 530 36 401 62 397 158 396 156 395 154 394 80 1 82 393 144 529 
118 534 
17 391 126 420 0 389 118 531 

40 533 


42 536 186 426 
140 399 151 537 62 397 158 396 156 395 154 394 80 1 82 393 
17 391 126 420 0 389 

42 547 
4 541 
130 543 158 422 170 542 82 384 
92 86 177 85 90 546 176 428 174 80 
42 544 
129 545 133 424 130 423 158 422 124 421 82 384 
186 426 

129 548 133 424 130 423 158 422 124 421 82 384 
186 426 

4 575 
92 568 
42 563 17 391 126 562 0 389 


42 557 17 391 126 556 0 389 
129 559 133 424 130 423 158 422 124 421 82 384 
140 399 151 558 62 397 158 396 156 395 154 394 80 1 82 393 
17 391 126 420 0 389 
42 560 186 426 
140 399 151 561 62 397 158 396 156 395 154 394 80 1 82 393 
17 391 126 420 0 389 
129 565 133 424 130 423 158 422 124 421 82 384 
140 399 151 564 62 397 158 396 156 395 154 394 80 1 82 393 
17 391 126 420 0 389 
42 566 186 426 
140 399 151 567 62 397 158 396 156 395 154 394 80 1 82 393 
17 391 126 420 0 389 
158 388 134 570 152 569 82 384 
17 572 
81 14 74 448 71 447 155 446 26 445 179 444 41 443 100 442 123 441 45 440 118 571 73 439 135 437 141 436 120 435 170 434 

129 573 133 424 130 423 158 422 124 421 82 384 
186 426 118 574 

138 555 62 554 58 576 158 396 139 552 63 551 82 384 

161 56 93 55 148 54 60 53 190 52 72 51 98 50 55 49 68 48 128 47 42 46 117 45 179 44 59 43 115 42 112 578 187 40 170 39 96 38 127 37 113 36 140 35 155 34 132 33 15 32 162 31 26 30 74 29 9 28 45 27 100 26 3 25 79 24 56 23 49 22 102 21 119 20 92 19 73 18 120 70 2 17 35 16 69 15 81 14 141 13 147 12 61 11 36 10 14 9 6 8 153 7 76 6 82 5 91 4 146 3 16 2 80 1 




